Component, Time (ms)
Task, Run Time (ms)
TSP_1([[D@52df888a [] [0, 1, 2, 3, 4, 5, 6, 7, 8, 9, 10, 11]) >[0], 3.575
TSP_5([[D@5d52a1b7 [2] [0, 1, 3, 4, 5, 6, 7, 8, 9, 10, 11]) >[2], 3.965
TSP_3([[D@5d52a1b7 [0] [1, 2, 3, 4, 5, 6, 7, 8, 9, 10, 11]) >[2], 1.86
TSP_4([[D@5d52a1b7 [1] [0, 2, 3, 4, 5, 6, 7, 8, 9, 10, 11]) >[2], 2.447
TSP_6([[D@5d52a1b7 [3] [0, 1, 2, 4, 5, 6, 7, 8, 9, 10, 11]) >[2], 0.275
TSP_7([[D@5d52a1b7 [4] [0, 1, 2, 3, 5, 6, 7, 8, 9, 10, 11]) >[2], 0.234
TSP_8([[D@5d52a1b7 [5] [0, 1, 2, 3, 4, 6, 7, 8, 9, 10, 11]) >[2], 0.261
TSP_10([[D@5d52a1b7 [7] [0, 1, 2, 3, 4, 5, 6, 8, 9, 10, 11]) >[2], 0.305
TSP_11([[D@5d52a1b7 [8] [0, 1, 2, 3, 4, 5, 6, 7, 9, 10, 11]) >[2], 0.257
TSP_9([[D@5d52a1b7 [6] [0, 1, 2, 3, 4, 5, 7, 8, 9, 10, 11]) >[2], 0.233
TSP_12([[D@5d52a1b7 [9] [0, 1, 2, 3, 4, 5, 6, 7, 8, 10, 11]) >[2], 0.304
TSP_14([[D@5d52a1b7 [11] [0, 1, 2, 3, 4, 5, 6, 7, 8, 9, 10]) >[2], 0.252
TSP_13([[D@5d52a1b7 [10] [0, 1, 2, 3, 4, 5, 6, 7, 8, 9, 11]) >[2], 0.264
TSP_18([[D@3927ce5e [2, 3] [0, 1, 4, 5, 6, 7, 8, 9, 10, 11]) >[15], 2251.37
TSP_16([[D@3927ce5e [2, 0] [1, 3, 4, 5, 6, 7, 8, 9, 10, 11]) >[15], 2402.55
TSP_17([[D@3927ce5e [2, 1] [0, 3, 4, 5, 6, 7, 8, 9, 10, 11]) >[15], 2433.373
TSP_19([[D@3927ce5e [2, 4] [0, 1, 3, 5, 6, 7, 8, 9, 10, 11]) >[15], 2083.086
TSP_21([[D@3927ce5e [2, 6] [0, 1, 3, 4, 5, 7, 8, 9, 10, 11]) >[15], 2126.225
TSP_20([[D@3927ce5e [2, 5] [0, 1, 3, 4, 6, 7, 8, 9, 10, 11]) >[15], 2238.165
TSP_22([[D@3927ce5e [2, 7] [0, 1, 3, 4, 5, 6, 8, 9, 10, 11]) >[15], 1214.619
TSP_24([[D@3927ce5e [2, 9] [0, 1, 3, 4, 5, 6, 7, 8, 10, 11]) >[15], 1109.191
TSP_23([[D@3927ce5e [2, 8] [0, 1, 3, 4, 5, 6, 7, 9, 10, 11]) >[15], 1177.517
TSP_25([[D@3927ce5e [2, 10] [0, 1, 3, 4, 5, 6, 7, 8, 9, 11]) >[15], 1029.389
TSP_26([[D@3927ce5e [2, 11] [0, 1, 3, 4, 5, 6, 7, 8, 9, 10]) >[15], 1065.548
TSP_28([[D@645d9aa2 [0, 1] [2, 3, 4, 5, 6, 7, 8, 9, 10, 11]) >[27], 1077.859
TSP_30([[D@112d568c [1, 0] [2, 3, 4, 5, 6, 7, 8, 9, 10, 11]) >[29], 1213.001
TSP_32([[D@112d568c [1, 3] [0, 2, 4, 5, 6, 7, 8, 9, 10, 11]) >[29], 1205.795
TSP_31([[D@112d568c [1, 2] [0, 3, 4, 5, 6, 7, 8, 9, 10, 11]) >[29], 1234.861
TSP_33([[D@112d568c [1, 4] [0, 2, 3, 5, 6, 7, 8, 9, 10, 11]) >[29], 1286.653
TSP_34([[D@112d568c [1, 5] [0, 2, 3, 4, 6, 7, 8, 9, 10, 11]) >[29], 1323.111
TSP_35([[D@112d568c [1, 6] [0, 2, 3, 4, 5, 7, 8, 9, 10, 11]) >[29], 1321.657
TSP_36([[D@112d568c [1, 7] [0, 2, 3, 4, 5, 6, 8, 9, 10, 11]) >[29], 1226.602
TSP_38([[D@112d568c [1, 9] [0, 2, 3, 4, 5, 6, 7, 8, 10, 11]) >[29], 1418.25
TSP_37([[D@112d568c [1, 8] [0, 2, 3, 4, 5, 6, 7, 9, 10, 11]) >[29], 1449.008
TSP_39([[D@112d568c [1, 10] [0, 2, 3, 4, 5, 6, 7, 8, 9, 11]) >[29], 1748.612
TSP_40([[D@112d568c [1, 11] [0, 2, 3, 4, 5, 6, 7, 8, 9, 10]) >[29], 1719.04
TSP_41([[D@645d9aa2 [0, 2] [1, 3, 4, 5, 6, 7, 8, 9, 10, 11]) >[27], 1738.326
TSP_42([[D@645d9aa2 [0, 3] [1, 2, 4, 5, 6, 7, 8, 9, 10, 11]) >[27], 1551.037
TSP_43([[D@645d9aa2 [0, 4] [1, 2, 3, 5, 6, 7, 8, 9, 10, 11]) >[27], 1412.868
TSP_44([[D@645d9aa2 [0, 5] [1, 2, 3, 4, 6, 7, 8, 9, 10, 11]) >[27], 1551.055
TSP_45([[D@645d9aa2 [0, 6] [1, 2, 3, 4, 5, 7, 8, 9, 10, 11]) >[27], 1509.478
TSP_46([[D@645d9aa2 [0, 7] [1, 2, 3, 4, 5, 6, 8, 9, 10, 11]) >[27], 1510.22
TSP_47([[D@645d9aa2 [0, 8] [1, 2, 3, 4, 5, 6, 7, 9, 10, 11]) >[27], 1438.837
TSP_48([[D@645d9aa2 [0, 9] [1, 2, 3, 4, 5, 6, 7, 8, 10, 11]) >[27], 1487.418
TSP_49([[D@645d9aa2 [0, 10] [1, 2, 3, 4, 5, 6, 7, 8, 9, 11]) >[27], 1368.998
TSP_50([[D@645d9aa2 [0, 11] [1, 2, 3, 4, 5, 6, 7, 8, 9, 10]) >[27], 1488.592
TSP_52([[D@6229abca [3, 0] [1, 2, 4, 5, 6, 7, 8, 9, 10, 11]) >[51], 1765.69
TSP_53([[D@6229abca [3, 1] [0, 2, 4, 5, 6, 7, 8, 9, 10, 11]) >[51], 1823.81
TSP_54([[D@6229abca [3, 2] [0, 1, 4, 5, 6, 7, 8, 9, 10, 11]) >[51], 1903.003
TSP_55([[D@6229abca [3, 4] [0, 1, 2, 5, 6, 7, 8, 9, 10, 11]) >[51], 2031.862
TSP_56([[D@6229abca [3, 5] [0, 1, 2, 4, 6, 7, 8, 9, 10, 11]) >[51], 1955.79
TSP_57([[D@6229abca [3, 6] [0, 1, 2, 4, 5, 7, 8, 9, 10, 11]) >[51], 1816.405
TSP_58([[D@6229abca [3, 7] [0, 1, 2, 4, 5, 6, 8, 9, 10, 11]) >[51], 1868.899
TSP_59([[D@6229abca [3, 8] [0, 1, 2, 4, 5, 6, 7, 9, 10, 11]) >[51], 1986.53
TSP_60([[D@6229abca [3, 9] [0, 1, 2, 4, 5, 6, 7, 8, 10, 11]) >[51], 2149.28
TSP_61([[D@6229abca [3, 10] [0, 1, 2, 4, 5, 6, 7, 8, 9, 11]) >[51], 1573.334
TSP_62([[D@6229abca [3, 11] [0, 1, 2, 4, 5, 6, 7, 8, 9, 10]) >[51], 1455.745
TSP_64([[D@6de8aa5 [4, 0] [1, 2, 3, 5, 6, 7, 8, 9, 10, 11]) >[63], 1497.816
TSP_65([[D@6de8aa5 [4, 1] [0, 2, 3, 5, 6, 7, 8, 9, 10, 11]) >[63], 1640.17
TSP_66([[D@6de8aa5 [4, 2] [0, 1, 3, 5, 6, 7, 8, 9, 10, 11]) >[63], 1581.969
TSP_67([[D@6de8aa5 [4, 3] [0, 1, 2, 5, 6, 7, 8, 9, 10, 11]) >[63], 1562.191
TSP_68([[D@6de8aa5 [4, 5] [0, 1, 2, 3, 6, 7, 8, 9, 10, 11]) >[63], 1349.541
TSP_69([[D@6de8aa5 [4, 6] [0, 1, 2, 3, 5, 7, 8, 9, 10, 11]) >[63], 1321.967
TSP_70([[D@6de8aa5 [4, 7] [0, 1, 2, 3, 5, 6, 8, 9, 10, 11]) >[63], 1289.701
TSP_71([[D@6de8aa5 [4, 8] [0, 1, 2, 3, 5, 6, 7, 9, 10, 11]) >[63], 1425.348
TSP_72([[D@6de8aa5 [4, 9] [0, 1, 2, 3, 5, 6, 7, 8, 10, 11]) >[63], 1436.226
TSP_73([[D@6de8aa5 [4, 10] [0, 1, 2, 3, 5, 6, 7, 8, 9, 11]) >[63], 1315.477
TSP_74([[D@6de8aa5 [4, 11] [0, 1, 2, 3, 5, 6, 7, 8, 9, 10]) >[63], 1158.953
TSP_76([[D@1bf02c8a [5, 0] [1, 2, 3, 4, 6, 7, 8, 9, 10, 11]) >[75], 1165.869
TSP_77([[D@1bf02c8a [5, 1] [0, 2, 3, 4, 6, 7, 8, 9, 10, 11]) >[75], 1178.642
TSP_78([[D@1bf02c8a [5, 2] [0, 1, 3, 4, 6, 7, 8, 9, 10, 11]) >[75], 1398.82
TSP_79([[D@1bf02c8a [5, 3] [0, 1, 2, 4, 6, 7, 8, 9, 10, 11]) >[75], 1396.512
TSP_80([[D@1bf02c8a [5, 4] [0, 1, 2, 3, 6, 7, 8, 9, 10, 11]) >[75], 1462.402
TSP_81([[D@1bf02c8a [5, 6] [0, 1, 2, 3, 4, 7, 8, 9, 10, 11]) >[75], 1598.836
TSP_82([[D@1bf02c8a [5, 7] [0, 1, 2, 3, 4, 6, 8, 9, 10, 11]) >[75], 1717.909
TSP_83([[D@1bf02c8a [5, 8] [0, 1, 2, 3, 4, 6, 7, 9, 10, 11]) >[75], 1871.338
TSP_84([[D@1bf02c8a [5, 9] [0, 1, 2, 3, 4, 6, 7, 8, 10, 11]) >[75], 1722.225
TSP_85([[D@1bf02c8a [5, 10] [0, 1, 2, 3, 4, 6, 7, 8, 9, 11]) >[75], 1737.225
TSP_86([[D@1bf02c8a [5, 11] [0, 1, 2, 3, 4, 6, 7, 8, 9, 10]) >[75], 1640.458
TSP_88([[D@34fc265a [7, 0] [1, 2, 3, 4, 5, 6, 8, 9, 10, 11]) >[87], 1621.552
TSP_89([[D@34fc265a [7, 1] [0, 2, 3, 4, 5, 6, 8, 9, 10, 11]) >[87], 1574.303
TSP_90([[D@34fc265a [7, 2] [0, 1, 3, 4, 5, 6, 8, 9, 10, 11]) >[87], 1684.589
TSP_91([[D@34fc265a [7, 3] [0, 1, 2, 4, 5, 6, 8, 9, 10, 11]) >[87], 1710.574
TSP_92([[D@34fc265a [7, 4] [0, 1, 2, 3, 5, 6, 8, 9, 10, 11]) >[87], 1701.522
TSP_93([[D@34fc265a [7, 5] [0, 1, 2, 3, 4, 6, 8, 9, 10, 11]) >[87], 1855.608
TSP_94([[D@34fc265a [7, 6] [0, 1, 2, 3, 4, 5, 8, 9, 10, 11]) >[87], 1785.568
TSP_95([[D@34fc265a [7, 8] [0, 1, 2, 3, 4, 5, 6, 9, 10, 11]) >[87], 1693.713
TSP_96([[D@34fc265a [7, 9] [0, 1, 2, 3, 4, 5, 6, 8, 10, 11]) >[87], 1610.373
TSP_97([[D@34fc265a [7, 10] [0, 1, 2, 3, 4, 5, 6, 8, 9, 11]) >[87], 1521.257
TSP_98([[D@34fc265a [7, 11] [0, 1, 2, 3, 4, 5, 6, 8, 9, 10]) >[87], 1737.335
TSP_100([[D@7074a393 [8, 0] [1, 2, 3, 4, 5, 6, 7, 9, 10, 11]) >[99], 1667.993
TSP_101([[D@7074a393 [8, 1] [0, 2, 3, 4, 5, 6, 7, 9, 10, 11]) >[99], 1575.923
TSP_102([[D@7074a393 [8, 2] [0, 1, 3, 4, 5, 6, 7, 9, 10, 11]) >[99], 1869.555
TSP_103([[D@7074a393 [8, 3] [0, 1, 2, 4, 5, 6, 7, 9, 10, 11]) >[99], 1902.979
TSP_104([[D@7074a393 [8, 4] [0, 1, 2, 3, 5, 6, 7, 9, 10, 11]) >[99], 1551.273
TSP_105([[D@7074a393 [8, 5] [0, 1, 2, 3, 4, 6, 7, 9, 10, 11]) >[99], 1439.33
TSP_106([[D@7074a393 [8, 6] [0, 1, 2, 3, 4, 5, 7, 9, 10, 11]) >[99], 1234.361
TSP_107([[D@7074a393 [8, 7] [0, 1, 2, 3, 4, 5, 6, 9, 10, 11]) >[99], 1249.422
TSP_108([[D@7074a393 [8, 9] [0, 1, 2, 3, 4, 5, 6, 7, 10, 11]) >[99], 1304.732
TSP_109([[D@7074a393 [8, 10] [0, 1, 2, 3, 4, 5, 6, 7, 9, 11]) >[99], 1251.093
TSP_110([[D@7074a393 [8, 11] [0, 1, 2, 3, 4, 5, 6, 7, 9, 10]) >[99], 1421.79
TSP_112([[D@13d344e7 [6, 0] [1, 2, 3, 4, 5, 7, 8, 9, 10, 11]) >[111], 1574.704
TSP_113([[D@13d344e7 [6, 1] [0, 2, 3, 4, 5, 7, 8, 9, 10, 11]) >[111], 1645.065
TSP_114([[D@13d344e7 [6, 2] [0, 1, 3, 4, 5, 7, 8, 9, 10, 11]) >[111], 1774.211
TSP_115([[D@13d344e7 [6, 3] [0, 1, 2, 4, 5, 7, 8, 9, 10, 11]) >[111], 1909.407
TSP_116([[D@13d344e7 [6, 4] [0, 1, 2, 3, 5, 7, 8, 9, 10, 11]) >[111], 2010.235
TSP_117([[D@13d344e7 [6, 5] [0, 1, 2, 3, 4, 7, 8, 9, 10, 11]) >[111], 1807.284
TSP_118([[D@13d344e7 [6, 7] [0, 1, 2, 3, 4, 5, 8, 9, 10, 11]) >[111], 1393.677
TSP_119([[D@13d344e7 [6, 8] [0, 1, 2, 3, 4, 5, 7, 9, 10, 11]) >[111], 1388.427
TSP_120([[D@13d344e7 [6, 9] [0, 1, 2, 3, 4, 5, 7, 8, 10, 11]) >[111], 1256.714
TSP_121([[D@13d344e7 [6, 10] [0, 1, 2, 3, 4, 5, 7, 8, 9, 11]) >[111], 1315.814
TSP_122([[D@13d344e7 [6, 11] [0, 1, 2, 3, 4, 5, 7, 8, 9, 10]) >[111], 1529.883
TSP_124([[D@1350a3dc [9, 0] [1, 2, 3, 4, 5, 6, 7, 8, 10, 11]) >[123], 1509.533
TSP_125([[D@1350a3dc [9, 1] [0, 2, 3, 4, 5, 6, 7, 8, 10, 11]) >[123], 1618.037
TSP_126([[D@1350a3dc [9, 2] [0, 1, 3, 4, 5, 6, 7, 8, 10, 11]) >[123], 1526.459
TSP_127([[D@1350a3dc [9, 3] [0, 1, 2, 4, 5, 6, 7, 8, 10, 11]) >[123], 1538.033
TSP_128([[D@1350a3dc [9, 4] [0, 1, 2, 3, 5, 6, 7, 8, 10, 11]) >[123], 1307.449
TSP_129([[D@1350a3dc [9, 5] [0, 1, 2, 3, 4, 6, 7, 8, 10, 11]) >[123], 1480.934
TSP_130([[D@1350a3dc [9, 6] [0, 1, 2, 3, 4, 5, 7, 8, 10, 11]) >[123], 1551.552
TSP_131([[D@1350a3dc [9, 7] [0, 1, 2, 3, 4, 5, 6, 8, 10, 11]) >[123], 1631.518
TSP_132([[D@1350a3dc [9, 8] [0, 1, 2, 3, 4, 5, 6, 7, 10, 11]) >[123], 1544.674
TSP_133([[D@1350a3dc [9, 10] [0, 1, 2, 3, 4, 5, 6, 7, 8, 11]) >[123], 1415.35
TSP_134([[D@1350a3dc [9, 11] [0, 1, 2, 3, 4, 5, 6, 7, 8, 10]) >[123], 1468.284
TSP_136([[D@101fcae3 [11, 0] [1, 2, 3, 4, 5, 6, 7, 8, 9, 10]) >[135], 1404.56
TSP_137([[D@101fcae3 [11, 1] [0, 2, 3, 4, 5, 6, 7, 8, 9, 10]) >[135], 1390.085
TSP_138([[D@101fcae3 [11, 2] [0, 1, 3, 4, 5, 6, 7, 8, 9, 10]) >[135], 1440.19
TSP_139([[D@101fcae3 [11, 3] [0, 1, 2, 4, 5, 6, 7, 8, 9, 10]) >[135], 1496.257
TSP_140([[D@101fcae3 [11, 4] [0, 1, 2, 3, 5, 6, 7, 8, 9, 10]) >[135], 1803.461
TSP_141([[D@101fcae3 [11, 5] [0, 1, 2, 3, 4, 6, 7, 8, 9, 10]) >[135], 1890.455
TSP_142([[D@101fcae3 [11, 6] [0, 1, 2, 3, 4, 5, 7, 8, 9, 10]) >[135], 1956.773
TSP_143([[D@101fcae3 [11, 7] [0, 1, 2, 3, 4, 5, 6, 8, 9, 10]) >[135], 1784.721
TSP_144([[D@101fcae3 [11, 8] [0, 1, 2, 3, 4, 5, 6, 7, 9, 10]) >[135], 1585.516
TSP_145([[D@101fcae3 [11, 9] [0, 1, 2, 3, 4, 5, 6, 7, 8, 10]) >[135], 1478.099
TSP_146([[D@101fcae3 [11, 10] [0, 1, 2, 3, 4, 5, 6, 7, 8, 9]) >[135], 1500.235
TSP_148([[D@1741055a [10, 0] [1, 2, 3, 4, 5, 6, 7, 8, 9, 11]) >[147], 1682.506
TSP_149([[D@1741055a [10, 1] [0, 2, 3, 4, 5, 6, 7, 8, 9, 11]) >[147], 1816.354
TSP_150([[D@1741055a [10, 2] [0, 1, 3, 4, 5, 6, 7, 8, 9, 11]) >[147], 1904.008
TSP_151([[D@1741055a [10, 3] [0, 1, 2, 4, 5, 6, 7, 8, 9, 11]) >[147], 1684.713
TSP_152([[D@1741055a [10, 4] [0, 1, 2, 3, 5, 6, 7, 8, 9, 11]) >[147], 1663.21
TSP_153([[D@1741055a [10, 5] [0, 1, 2, 3, 4, 6, 7, 8, 9, 11]) >[147], 1481.108
TSP_154([[D@1741055a [10, 6] [0, 1, 2, 3, 4, 5, 7, 8, 9, 11]) >[147], 1564.374
TSP_155([[D@1741055a [10, 7] [0, 1, 2, 3, 4, 5, 6, 8, 9, 11]) >[147], 1641.403
TSP_156([[D@1741055a [10, 8] [0, 1, 2, 3, 4, 5, 6, 7, 9, 11]) >[147], 1775.662
Compare TSP_15([ Tour: 4 8 3 7 11 9 5 1 10 6 2 0 | Length: 36.22617373698473] [ Tour: 5 9 8 4 0 3 7 11 10 6 2 1 | Length: 31.313708498984763] [ Tour: 7 11 8 4 0 1 5 9 10 6 2 3 | Length: 31.313708498984763] [ Tour: 0 8 3 7 11 9 5 1 10 6 2 4 | Length: 36.22617373698472] [ Tour: 1 9 8 4 0 3 7 11 10 6 2 5 | Length: 31.810684591656077] [ Tour: 10 11 7 3 0 4 8 9 5 1 2 6 | Length: 31.313708498984763] [ Tour: 3 11 8 4 0 1 5 9 10 6 2 7 | Length: 31.810684591656077] [ Tour: 4 0 3 7 11 9 5 1 10 6 2 8 | Length: 35.012581805104034] [ Tour: 5 1 0 4 8 11 7 3 10 6 2 9 | Length: 32.08403811325377] [ Tour: 11 7 3 0 4 8 9 5 1 6 2 10 | Length: 31.81068459165608] [ Tour: 7 3 0 4 8 9 5 1 10 6 2 11 | Length: 32.08403811325377]) >[2], 0.049
Compare TSP_29([ Tour: 4 8 11 7 3 2 6 10 9 5 1 0 | Length: 31.313708498984763] [ Tour: 6 10 11 7 3 0 4 8 9 5 1 2 | Length: 31.313708498984763] [ Tour: 7 11 2 6 10 8 4 0 9 5 1 3 | Length: 36.22617373698473] [ Tour: 0 8 11 7 3 2 6 10 9 5 1 4 | Length: 31.810684591656077] [ Tour: 9 8 4 0 3 7 11 10 6 2 1 5 | Length: 31.313708498984763] [ Tour: 2 10 11 7 3 0 4 8 9 5 1 6 | Length: 31.810684591656077] [ Tour: 3 11 2 6 10 8 4 0 9 5 1 7 | Length: 36.22617373698472] [ Tour: 4 0 11 7 3 2 6 10 9 5 1 8 | Length: 32.08403811325377] [ Tour: 8 4 0 3 7 11 10 6 2 5 1 9 | Length: 31.81068459165608] [ Tour: 6 2 11 7 3 0 4 8 9 5 1 10 | Length: 32.08403811325377] [ Tour: 7 3 2 6 10 8 4 0 9 5 1 11 | Length: 35.012581805104034]) >[2], 0.006
Compare TSP_27([ Tour: 5 9 10 6 2 3 7 11 8 4 0 1 | Length: 31.313708498984763] [ Tour: 6 10 3 7 11 9 5 1 8 4 0 2 | Length: 36.22617373698473] [ Tour: 7 11 10 6 2 1 5 9 8 4 0 3 | Length: 31.313708498984763] [ Tour: 8 11 7 3 2 6 10 9 5 1 0 4 | Length: 31.313708498984763] [ Tour: 1 9 10 6 2 3 7 11 8 4 0 5 | Length: 31.810684591656077] [ Tour: 2 10 3 7 11 9 5 1 8 4 0 6 | Length: 36.22617373698472] [ Tour: 3 11 10 6 2 1 5 9 8 4 0 7 | Length: 31.810684591656077] [ Tour: 11 7 3 2 6 10 9 5 1 4 0 8 | Length: 31.81068459165608] [ Tour: 5 1 2 6 10 11 7 3 8 4 0 9 | Length: 32.08403811325377] [ Tour: 6 2 3 7 11 9 5 1 8 4 0 10 | Length: 35.012581805104034] [ Tour: 7 3 10 6 2 1 5 9 8 4 0 11 | Length: 32.08403811325377]) >[2], 0.007
Compare TSP_51([ Tour: 4 8 9 5 1 2 6 10 11 7 3 0 | Length: 31.313708498984763] [ Tour: 5 9 2 6 10 8 4 0 11 7 3 1 | Length: 36.22617373698473] [ Tour: 6 10 9 5 1 0 4 8 11 7 3 2 | Length: 31.313708498984763] [ Tour: 0 8 9 5 1 2 6 10 11 7 3 4 | Length: 31.810684591656077] [ Tour: 1 9 2 6 10 8 4 0 11 7 3 5 | Length: 36.22617373698472] [ Tour: 2 10 9 5 1 0 4 8 11 7 3 6 | Length: 31.810684591656077] [ Tour: 11 10 6 2 1 5 9 8 4 0 3 7 | Length: 31.313708498984763] [ Tour: 4 0 1 5 9 10 6 2 11 7 3 8 | Length: 32.08403811325377] [ Tour: 5 1 2 6 10 8 4 0 11 7 3 9 | Length: 35.012581805104034] [ Tour: 6 2 9 5 1 0 4 8 11 7 3 10 | Length: 32.08403811325377] [ Tour: 10 6 2 1 5 9 8 4 0 7 3 11 | Length: 31.81068459165608]) >[2], 0.006
Compare TSP_63([ Tour: 3 7 11 10 6 2 1 5 9 8 4 0 | Length: 31.313708498984766] [ Tour: 5 9 10 6 2 3 7 11 8 0 4 1 | Length: 31.810684591656077] [ Tour: 6 10 3 7 11 9 5 1 8 0 4 2 | Length: 36.22617373698473] [ Tour: 7 11 10 6 2 1 5 9 8 0 4 3 | Length: 31.810684591656077] [ Tour: 1 9 10 6 2 3 7 11 8 0 4 5 | Length: 32.14213562373095] [ Tour: 2 10 3 7 11 9 5 1 8 0 4 6 | Length: 36.22617373698472] [ Tour: 3 11 10 6 2 1 5 9 8 0 4 7 | Length: 32.14213562373095] [ Tour: 11 7 3 2 6 10 9 5 1 0 4 8 | Length: 31.313708498984766] [ Tour: 5 1 2 6 10 11 7 3 8 0 4 9 | Length: 32.23619249411002] [ Tour: 6 2 3 7 11 9 5 1 8 0 4 10 | Length: 35.012581805104034] [ Tour: 7 3 10 6 2 1 5 9 8 0 4 11 | Length: 32.23619249411002]) >[2], 0.005
Compare TSP_75([ Tour: 4 8 11 7 3 2 6 10 9 1 5 0 | Length: 31.810684591656077] [ Tour: 0 4 8 11 7 3 2 6 10 9 5 1 | Length: 31.313708498984766] [ Tour: 6 10 11 7 3 0 4 8 9 1 5 2 | Length: 31.810684591656077] [ Tour: 7 11 2 6 10 8 4 0 9 1 5 3 | Length: 36.22617373698473] [ Tour: 0 8 11 7 3 2 6 10 9 1 5 4 | Length: 32.14213562373095] [ Tour: 2 10 11 7 3 0 4 8 9 1 5 6 | Length: 32.14213562373095] [ Tour: 3 11 2 6 10 8 4 0 9 1 5 7 | Length: 36.22617373698472] [ Tour: 4 0 11 7 3 2 6 10 9 1 5 8 | Length: 32.23619249411002] [ Tour: 8 4 0 3 7 11 10 6 2 1 5 9 | Length: 31.313708498984766] [ Tour: 6 2 11 7 3 0 4 8 9 1 5 10 | Length: 32.23619249411002] [ Tour: 7 3 2 6 10 8 4 0 9 1 5 11 | Length: 35.012581805104034]) >[2], 0.007
Compare TSP_87([ Tour: 4 8 9 5 1 2 6 10 11 3 7 0 | Length: 31.810684591656077] [ Tour: 5 9 2 6 10 8 4 0 11 3 7 1 | Length: 36.22617373698473] [ Tour: 6 10 9 5 1 0 4 8 11 3 7 2 | Length: 31.810684591656077] [ Tour: 2 6 10 9 5 1 0 4 8 11 7 3 | Length: 31.313708498984766] [ Tour: 0 8 9 5 1 2 6 10 11 3 7 4 | Length: 32.14213562373095] [ Tour: 1 9 2 6 10 8 4 0 11 3 7 5 | Length: 36.22617373698472] [ Tour: 2 10 9 5 1 0 4 8 11 3 7 6 | Length: 32.14213562373095] [ Tour: 4 0 1 5 9 10 6 2 11 3 7 8 | Length: 32.23619249411002] [ Tour: 5 1 2 6 10 8 4 0 11 3 7 9 | Length: 35.012581805104034] [ Tour: 6 2 9 5 1 0 4 8 11 3 7 10 | Length: 32.23619249411002] [ Tour: 10 6 2 1 5 9 8 4 0 3 7 11 | Length: 31.313708498984766]) >[2], 0.005
Compare TSP_99([ Tour: 4 3 7 11 10 6 2 1 5 9 8 0 | Length: 31.81068459165608] [ Tour: 5 9 10 6 2 11 7 3 0 4 8 1 | Length: 32.08403811325377] [ Tour: 6 10 3 7 11 9 5 1 0 4 8 2 | Length: 35.012581805104034] [ Tour: 7 11 10 6 2 9 5 1 0 4 8 3 | Length: 32.08403811325377] [ Tour: 0 3 7 11 10 6 2 1 5 9 8 4 | Length: 31.313708498984766] [ Tour: 1 9 10 6 2 11 7 3 0 4 8 5 | Length: 32.23619249411002] [ Tour: 2 10 3 7 11 9 5 1 0 4 8 6 | Length: 35.01258180510403] [ Tour: 3 11 10 6 2 9 5 1 0 4 8 7 | Length: 32.23619249411002] [ Tour: 5 1 2 6 10 11 7 3 0 4 8 9 | Length: 31.313708498984763] [ Tour: 6 2 3 7 11 9 5 1 0 4 8 10 | Length: 33.798989873223334] [ Tour: 7 3 2 6 10 9 5 1 0 4 8 11 | Length: 31.313708498984763]) >[2], 0.005
Compare TSP_111([ Tour: 4 8 3 7 11 9 5 1 10 2 6 0 | Length: 36.22617373698473] [ Tour: 5 9 8 4 0 3 7 11 10 2 6 1 | Length: 31.810684591656077] [ Tour: 3 7 11 8 4 0 1 5 9 10 6 2 | Length: 31.313708498984766] [ Tour: 7 11 8 4 0 1 5 9 10 2 6 3 | Length: 31.810684591656077] [ Tour: 0 8 3 7 11 9 5 1 10 2 6 4 | Length: 36.22617373698472] [ Tour: 1 9 8 4 0 3 7 11 10 2 6 5 | Length: 32.14213562373095] [ Tour: 3 11 8 4 0 1 5 9 10 2 6 7 | Length: 32.14213562373095] [ Tour: 4 0 3 7 11 9 5 1 10 2 6 8 | Length: 35.012581805104034] [ Tour: 5 1 0 4 8 11 7 3 10 2 6 9 | Length: 32.23619249411002] [ Tour: 11 7 3 0 4 8 9 5 1 2 6 10 | Length: 31.313708498984766] [ Tour: 7 3 0 4 8 9 5 1 10 2 6 11 | Length: 32.23619249411002]) >[2], 0.005
Compare TSP_123([ Tour: 4 8 11 7 3 10 6 2 1 5 9 0 | Length: 32.08403811325377] [ Tour: 5 0 4 8 11 7 3 2 6 10 9 1 | Length: 31.81068459165608] [ Tour: 6 10 11 7 3 8 4 0 1 5 9 2 | Length: 32.08403811325377] [ Tour: 7 11 2 6 10 8 4 0 1 5 9 3 | Length: 35.012581805104034] [ Tour: 0 8 11 7 3 10 6 2 1 5 9 4 | Length: 32.23619249411002] [ Tour: 1 0 4 8 11 7 3 2 6 10 9 5 | Length: 31.313708498984766] [ Tour: 2 10 11 7 3 8 4 0 1 5 9 6 | Length: 32.23619249411002] [ Tour: 3 11 2 6 10 8 4 0 1 5 9 7 | Length: 35.01258180510403] [ Tour: 4 0 3 7 11 10 6 2 1 5 9 8 | Length: 31.313708498984763] [ Tour: 6 2 3 7 11 8 4 0 1 5 9 10 | Length: 31.313708498984763] [ Tour: 7 3 2 6 10 8 4 0 1 5 9 11 | Length: 33.798989873223334]) >[2], 0.01
Compare TSP_135([ Tour: 4 8 9 5 1 10 6 2 3 7 11 0 | Length: 32.08403811325377] [ Tour: 5 9 2 6 10 8 4 0 3 7 11 1 | Length: 35.012581805104034] [ Tour: 6 10 9 5 1 8 4 0 3 7 11 2 | Length: 32.08403811325377] [ Tour: 7 2 6 10 9 5 1 0 4 8 11 3 | Length: 31.81068459165608] [ Tour: 0 8 9 5 1 10 6 2 3 7 11 4 | Length: 32.23619249411002] [ Tour: 1 9 2 6 10 8 4 0 3 7 11 5 | Length: 35.01258180510403] [ Tour: 2 10 9 5 1 8 4 0 3 7 11 6 | Length: 32.23619249411002] [ Tour: 3 2 6 10 9 5 1 0 4 8 11 7 | Length: 31.313708498984766] [ Tour: 4 0 1 5 9 10 6 2 3 7 11 8 | Length: 31.313708498984763] [ Tour: 5 1 2 6 10 8 4 0 3 7 11 9 | Length: 33.798989873223334] [ Tour: 6 2 1 5 9 8 4 0 3 7 11 10 | Length: 31.313708498984763]) >[2], 0.005
TSP_157([[D@1741055a [10, 9] [0, 1, 2, 3, 4, 5, 6, 7, 8, 11]) >[147], 1713.116
TSP_158([[D@1741055a [10, 11] [0, 1, 2, 3, 4, 5, 6, 7, 8, 9]) >[147], 1418.38
Compare TSP_147([ Tour: 4 8 3 7 11 9 5 1 2 6 10 0 | Length: 35.012581805104034] [ Tour: 5 9 8 4 0 11 7 3 2 6 10 1 | Length: 32.08403811325377] [ Tour: 6 3 7 11 8 4 0 1 5 9 10 2 | Length: 31.81068459165608] [ Tour: 7 11 8 4 0 9 5 1 2 6 10 3 | Length: 32.08403811325377] [ Tour: 0 8 3 7 11 9 5 1 2 6 10 4 | Length: 35.01258180510403] [ Tour: 1 9 8 4 0 11 7 3 2 6 10 5 | Length: 32.23619249411002] [ Tour: 2 3 7 11 8 4 0 1 5 9 10 6 | Length: 31.313708498984766] [ Tour: 3 11 8 4 0 9 5 1 2 6 10 7 | Length: 32.23619249411002] [ Tour: 4 0 3 7 11 9 5 1 2 6 10 8 | Length: 33.798989873223334] [ Tour: 5 1 0 4 8 11 7 3 2 6 10 9 | Length: 31.313708498984763] [ Tour: 7 3 0 4 8 9 5 1 2 6 10 11 | Length: 31.313708498984763]) >[2], 0.006
Compare TSP_2([ Tour: 5 9 10 6 2 3 7 11 8 4 0 1 | Length: 31.313708498984763] [ Tour: 4 8 11 7 3 2 6 10 9 5 1 0 | Length: 31.313708498984763] [ Tour: 5 9 8 4 0 3 7 11 10 6 2 1 | Length: 31.313708498984763] [ Tour: 4 8 9 5 1 2 6 10 11 7 3 0 | Length: 31.313708498984763] [ Tour: 3 7 11 10 6 2 1 5 9 8 4 0 | Length: 31.313708498984766] [ Tour: 0 4 8 11 7 3 2 6 10 9 5 1 | Length: 31.313708498984766] [ Tour: 5 9 8 4 0 3 7 11 10 2 6 1 | Length: 31.810684591656077] [ Tour: 4 8 9 5 1 2 6 10 11 3 7 0 | Length: 31.810684591656077] [ Tour: 4 3 7 11 10 6 2 1 5 9 8 0 | Length: 31.81068459165608] [ Tour: 5 0 4 8 11 7 3 2 6 10 9 1 | Length: 31.81068459165608] [ Tour: 5 9 8 4 0 11 7 3 2 6 10 1 | Length: 32.08403811325377] [ Tour: 4 8 9 5 1 10 6 2 3 7 11 0 | Length: 32.08403811325377]) >[0], 0.041
Client Total,70706.39

