Component, Time (ms)
Task, Run Time (ms)
TSP_1([[D@5ea06e26 [] [0, 1, 2, 3, 4, 5, 6, 7, 8, 9, 10, 11]) >[0], 1.953
TSP_5([[D@2ce3a2bb [2] [0, 1, 3, 4, 5, 6, 7, 8, 9, 10, 11]) >[2], 2.139
TSP_3([[D@2ce3a2bb [0] [1, 2, 3, 4, 5, 6, 7, 8, 9, 10, 11]) >[2], 2.225
TSP_4([[D@2ce3a2bb [1] [0, 2, 3, 4, 5, 6, 7, 8, 9, 10, 11]) >[2], 3.594
TSP_7([[D@2ce3a2bb [4] [0, 1, 2, 3, 5, 6, 7, 8, 9, 10, 11]) >[2], 0.307
TSP_9([[D@2ce3a2bb [6] [0, 1, 2, 3, 4, 5, 7, 8, 9, 10, 11]) >[2], 0.328
TSP_8([[D@2ce3a2bb [5] [0, 1, 2, 3, 4, 6, 7, 8, 9, 10, 11]) >[2], 0.298
TSP_6([[D@2ce3a2bb [3] [0, 1, 2, 4, 5, 6, 7, 8, 9, 10, 11]) >[2], 0.28
TSP_10([[D@2ce3a2bb [7] [0, 1, 2, 3, 4, 5, 6, 8, 9, 10, 11]) >[2], 0.312
TSP_11([[D@2ce3a2bb [8] [0, 1, 2, 3, 4, 5, 6, 7, 9, 10, 11]) >[2], 0.291
TSP_12([[D@2ce3a2bb [9] [0, 1, 2, 3, 4, 5, 6, 7, 8, 10, 11]) >[2], 0.297
TSP_13([[D@2ce3a2bb [10] [0, 1, 2, 3, 4, 5, 6, 7, 8, 9, 11]) >[2], 0.269
TSP_14([[D@2ce3a2bb [11] [0, 1, 2, 3, 4, 5, 6, 7, 8, 9, 10]) >[2], 0.304
TSP_18([[D@54e902fd [2, 3] [0, 1, 4, 5, 6, 7, 8, 9, 10, 11]) >[15], 3395.295
TSP_16([[D@54e902fd [2, 0] [1, 3, 4, 5, 6, 7, 8, 9, 10, 11]) >[15], 3430.004
TSP_19([[D@54e902fd [2, 4] [0, 1, 3, 5, 6, 7, 8, 9, 10, 11]) >[15], 3506.318
TSP_17([[D@54e902fd [2, 1] [0, 3, 4, 5, 6, 7, 8, 9, 10, 11]) >[15], 3594.371
TSP_23([[D@54e902fd [2, 8] [0, 1, 3, 4, 5, 6, 7, 9, 10, 11]) >[15], 3341.356
TSP_21([[D@54e902fd [2, 6] [0, 1, 3, 4, 5, 7, 8, 9, 10, 11]) >[15], 3549.087
TSP_20([[D@54e902fd [2, 5] [0, 1, 3, 4, 6, 7, 8, 9, 10, 11]) >[15], 3564.647
TSP_22([[D@54e902fd [2, 7] [0, 1, 3, 4, 5, 6, 8, 9, 10, 11]) >[15], 3565.272
TSP_24([[D@54e902fd [2, 9] [0, 1, 3, 4, 5, 6, 7, 8, 10, 11]) >[15], 2049.903
TSP_26([[D@54e902fd [2, 11] [0, 1, 3, 4, 5, 6, 7, 8, 9, 10]) >[15], 2079.504
TSP_25([[D@54e902fd [2, 10] [0, 1, 3, 4, 5, 6, 7, 8, 9, 11]) >[15], 2115.783
TSP_28([[D@7031086c [0, 1] [2, 3, 4, 5, 6, 7, 8, 9, 10, 11]) >[27], 2095.008
TSP_29([[D@7031086c [0, 2] [1, 3, 4, 5, 6, 7, 8, 9, 10, 11]) >[27], 2198.272
TSP_30([[D@7031086c [0, 3] [1, 2, 4, 5, 6, 7, 8, 9, 10, 11]) >[27], 2241.691
TSP_31([[D@7031086c [0, 4] [1, 2, 3, 5, 6, 7, 8, 9, 10, 11]) >[27], 2311.535
TSP_32([[D@7031086c [0, 5] [1, 2, 3, 4, 6, 7, 8, 9, 10, 11]) >[27], 2297.163
TSP_33([[D@7031086c [0, 6] [1, 2, 3, 4, 5, 7, 8, 9, 10, 11]) >[27], 2040.529
TSP_34([[D@7031086c [0, 7] [1, 2, 3, 4, 5, 6, 8, 9, 10, 11]) >[27], 2044.115
TSP_35([[D@7031086c [0, 8] [1, 2, 3, 4, 5, 6, 7, 9, 10, 11]) >[27], 2068.784
TSP_36([[D@7031086c [0, 9] [1, 2, 3, 4, 5, 6, 7, 8, 10, 11]) >[27], 2026.133
TSP_37([[D@7031086c [0, 10] [1, 2, 3, 4, 5, 6, 7, 8, 9, 11]) >[27], 2243.961
TSP_38([[D@7031086c [0, 11] [1, 2, 3, 4, 5, 6, 7, 8, 9, 10]) >[27], 2288.312
TSP_40([[D@232023ff [1, 0] [2, 3, 4, 5, 6, 7, 8, 9, 10, 11]) >[39], 2422.976
TSP_41([[D@232023ff [1, 2] [0, 3, 4, 5, 6, 7, 8, 9, 10, 11]) >[39], 2443.288
TSP_42([[D@232023ff [1, 3] [0, 2, 4, 5, 6, 7, 8, 9, 10, 11]) >[39], 2190.745
TSP_43([[D@232023ff [1, 4] [0, 2, 3, 5, 6, 7, 8, 9, 10, 11]) >[39], 2139.544
TSP_44([[D@232023ff [1, 5] [0, 2, 3, 4, 6, 7, 8, 9, 10, 11]) >[39], 2111.749
TSP_45([[D@232023ff [1, 6] [0, 2, 3, 4, 5, 7, 8, 9, 10, 11]) >[39], 2039.122
TSP_46([[D@232023ff [1, 7] [0, 2, 3, 4, 5, 6, 8, 9, 10, 11]) >[39], 1709.819
TSP_47([[D@232023ff [1, 8] [0, 2, 3, 4, 5, 6, 7, 9, 10, 11]) >[39], 1669.056
TSP_48([[D@232023ff [1, 9] [0, 2, 3, 4, 5, 6, 7, 8, 10, 11]) >[39], 1780.285
TSP_49([[D@232023ff [1, 10] [0, 2, 3, 4, 5, 6, 7, 8, 9, 11]) >[39], 1765.458
TSP_50([[D@232023ff [1, 11] [0, 2, 3, 4, 5, 6, 7, 8, 9, 10]) >[39], 1576.632
TSP_52([[D@64521357 [4, 0] [1, 2, 3, 5, 6, 7, 8, 9, 10, 11]) >[51], 1576.245
TSP_53([[D@64521357 [4, 1] [0, 2, 3, 5, 6, 7, 8, 9, 10, 11]) >[51], 1540.826
TSP_54([[D@64521357 [4, 2] [0, 1, 3, 5, 6, 7, 8, 9, 10, 11]) >[51], 1547.087
TSP_55([[D@64521357 [4, 3] [0, 1, 2, 5, 6, 7, 8, 9, 10, 11]) >[51], 1497.35
TSP_56([[D@64521357 [4, 5] [0, 1, 2, 3, 6, 7, 8, 9, 10, 11]) >[51], 1488.876
TSP_57([[D@64521357 [4, 6] [0, 1, 2, 3, 5, 7, 8, 9, 10, 11]) >[51], 1559.183
TSP_58([[D@64521357 [4, 7] [0, 1, 2, 3, 5, 6, 8, 9, 10, 11]) >[51], 1543.895
TSP_59([[D@64521357 [4, 8] [0, 1, 2, 3, 5, 6, 7, 9, 10, 11]) >[51], 1465.989
TSP_60([[D@64521357 [4, 9] [0, 1, 2, 3, 5, 6, 7, 8, 10, 11]) >[51], 1509.995
TSP_61([[D@64521357 [4, 10] [0, 1, 2, 3, 5, 6, 7, 8, 9, 11]) >[51], 1526.671
TSP_62([[D@64521357 [4, 11] [0, 1, 2, 3, 5, 6, 7, 8, 9, 10]) >[51], 1500.037
TSP_64([[D@4873e835 [6, 0] [1, 2, 3, 4, 5, 7, 8, 9, 10, 11]) >[63], 1385.981
TSP_65([[D@4873e835 [6, 1] [0, 2, 3, 4, 5, 7, 8, 9, 10, 11]) >[63], 1328.567
TSP_66([[D@4873e835 [6, 2] [0, 1, 3, 4, 5, 7, 8, 9, 10, 11]) >[63], 1374.254
TSP_67([[D@4873e835 [6, 3] [0, 1, 2, 4, 5, 7, 8, 9, 10, 11]) >[63], 1360.004
TSP_68([[D@4873e835 [6, 4] [0, 1, 2, 3, 5, 7, 8, 9, 10, 11]) >[63], 1527.089
TSP_69([[D@4873e835 [6, 5] [0, 1, 2, 3, 4, 7, 8, 9, 10, 11]) >[63], 1519.791
TSP_71([[D@4873e835 [6, 8] [0, 1, 2, 3, 4, 5, 7, 9, 10, 11]) >[63], 1543.32
TSP_70([[D@4873e835 [6, 7] [0, 1, 2, 3, 4, 5, 8, 9, 10, 11]) >[63], 1572.207
TSP_72([[D@4873e835 [6, 9] [0, 1, 2, 3, 4, 5, 7, 8, 10, 11]) >[63], 1441.458
TSP_73([[D@4873e835 [6, 10] [0, 1, 2, 3, 4, 5, 7, 8, 9, 11]) >[63], 1422.088
TSP_74([[D@4873e835 [6, 11] [0, 1, 2, 3, 4, 5, 7, 8, 9, 10]) >[63], 1480.782
TSP_76([[D@1b65c779 [3, 0] [1, 2, 4, 5, 6, 7, 8, 9, 10, 11]) >[75], 1503.955
TSP_77([[D@1b65c779 [3, 1] [0, 2, 4, 5, 6, 7, 8, 9, 10, 11]) >[75], 1476.171
TSP_78([[D@1b65c779 [3, 2] [0, 1, 4, 5, 6, 7, 8, 9, 10, 11]) >[75], 1491.696
TSP_79([[D@1b65c779 [3, 4] [0, 1, 2, 5, 6, 7, 8, 9, 10, 11]) >[75], 1473.869
TSP_80([[D@1b65c779 [3, 5] [0, 1, 2, 4, 6, 7, 8, 9, 10, 11]) >[75], 1501.375
TSP_81([[D@1b65c779 [3, 6] [0, 1, 2, 4, 5, 7, 8, 9, 10, 11]) >[75], 1469.592
TSP_82([[D@1b65c779 [3, 7] [0, 1, 2, 4, 5, 6, 8, 9, 10, 11]) >[75], 1446.185
TSP_83([[D@1b65c779 [3, 8] [0, 1, 2, 4, 5, 6, 7, 9, 10, 11]) >[75], 1491.112
TSP_84([[D@1b65c779 [3, 9] [0, 1, 2, 4, 5, 6, 7, 8, 10, 11]) >[75], 1493.717
TSP_85([[D@1b65c779 [3, 10] [0, 1, 2, 4, 5, 6, 7, 8, 9, 11]) >[75], 1440.012
TSP_86([[D@1b65c779 [3, 11] [0, 1, 2, 4, 5, 6, 7, 8, 9, 10]) >[75], 1425.002
TSP_88([[D@52988584 [5, 0] [1, 2, 3, 4, 6, 7, 8, 9, 10, 11]) >[87], 1447.559
TSP_89([[D@52988584 [5, 1] [0, 2, 3, 4, 6, 7, 8, 9, 10, 11]) >[87], 1474.552
TSP_91([[D@52988584 [5, 3] [0, 1, 2, 4, 6, 7, 8, 9, 10, 11]) >[87], 1415.225
TSP_90([[D@52988584 [5, 2] [0, 1, 3, 4, 6, 7, 8, 9, 10, 11]) >[87], 1432.215
TSP_92([[D@52988584 [5, 4] [0, 1, 2, 3, 6, 7, 8, 9, 10, 11]) >[87], 1433.287
TSP_93([[D@52988584 [5, 6] [0, 1, 2, 3, 4, 7, 8, 9, 10, 11]) >[87], 1448.005
TSP_94([[D@52988584 [5, 7] [0, 1, 2, 3, 4, 6, 8, 9, 10, 11]) >[87], 1399.955
TSP_95([[D@52988584 [5, 8] [0, 1, 2, 3, 4, 6, 7, 9, 10, 11]) >[87], 1414.812
TSP_96([[D@52988584 [5, 9] [0, 1, 2, 3, 4, 6, 7, 8, 10, 11]) >[87], 1471.355
TSP_97([[D@52988584 [5, 10] [0, 1, 2, 3, 4, 6, 7, 8, 9, 11]) >[87], 1469.327
TSP_98([[D@52988584 [5, 11] [0, 1, 2, 3, 4, 6, 7, 8, 9, 10]) >[87], 1423.967
TSP_100([[D@370ae6fc [7, 0] [1, 2, 3, 4, 5, 6, 8, 9, 10, 11]) >[99], 1426.352
TSP_101([[D@370ae6fc [7, 1] [0, 2, 3, 4, 5, 6, 8, 9, 10, 11]) >[99], 1447.061
TSP_102([[D@370ae6fc [7, 2] [0, 1, 3, 4, 5, 6, 8, 9, 10, 11]) >[99], 1461.12
TSP_103([[D@370ae6fc [7, 3] [0, 1, 2, 4, 5, 6, 8, 9, 10, 11]) >[99], 1439.96
TSP_104([[D@370ae6fc [7, 4] [0, 1, 2, 3, 5, 6, 8, 9, 10, 11]) >[99], 1423.59
TSP_105([[D@370ae6fc [7, 5] [0, 1, 2, 3, 4, 6, 8, 9, 10, 11]) >[99], 1442.896
TSP_106([[D@370ae6fc [7, 6] [0, 1, 2, 3, 4, 5, 8, 9, 10, 11]) >[99], 1471.687
TSP_107([[D@370ae6fc [7, 8] [0, 1, 2, 3, 4, 5, 6, 9, 10, 11]) >[99], 1387.451
TSP_108([[D@370ae6fc [7, 9] [0, 1, 2, 3, 4, 5, 6, 8, 10, 11]) >[99], 1409.148
TSP_109([[D@370ae6fc [7, 10] [0, 1, 2, 3, 4, 5, 6, 8, 9, 11]) >[99], 1482.265
TSP_110([[D@370ae6fc [7, 11] [0, 1, 2, 3, 4, 5, 6, 8, 9, 10]) >[99], 1510.156
TSP_112([[D@4b9f657 [8, 0] [1, 2, 3, 4, 5, 6, 7, 9, 10, 11]) >[111], 1451.909
TSP_113([[D@4b9f657 [8, 1] [0, 2, 3, 4, 5, 6, 7, 9, 10, 11]) >[111], 1455.618
TSP_114([[D@4b9f657 [8, 2] [0, 1, 3, 4, 5, 6, 7, 9, 10, 11]) >[111], 1432.105
TSP_115([[D@4b9f657 [8, 3] [0, 1, 2, 4, 5, 6, 7, 9, 10, 11]) >[111], 1445.208
TSP_116([[D@4b9f657 [8, 4] [0, 1, 2, 3, 5, 6, 7, 9, 10, 11]) >[111], 1400.142
TSP_117([[D@4b9f657 [8, 5] [0, 1, 2, 3, 4, 6, 7, 9, 10, 11]) >[111], 1405.068
TSP_118([[D@4b9f657 [8, 6] [0, 1, 2, 3, 4, 5, 7, 9, 10, 11]) >[111], 1423.282
TSP_119([[D@4b9f657 [8, 7] [0, 1, 2, 3, 4, 5, 6, 9, 10, 11]) >[111], 1417.681
TSP_120([[D@4b9f657 [8, 9] [0, 1, 2, 3, 4, 5, 6, 7, 10, 11]) >[111], 1381.996
TSP_121([[D@4b9f657 [8, 10] [0, 1, 2, 3, 4, 5, 6, 7, 9, 11]) >[111], 1376.236
TSP_122([[D@4b9f657 [8, 11] [0, 1, 2, 3, 4, 5, 6, 7, 9, 10]) >[111], 1444.436
TSP_124([[D@4cdbcc2d [9, 0] [1, 2, 3, 4, 5, 6, 7, 8, 10, 11]) >[123], 1446.08
TSP_125([[D@4cdbcc2d [9, 1] [0, 2, 3, 4, 5, 6, 7, 8, 10, 11]) >[123], 1405.977
TSP_126([[D@4cdbcc2d [9, 2] [0, 1, 3, 4, 5, 6, 7, 8, 10, 11]) >[123], 1419.408
TSP_127([[D@4cdbcc2d [9, 3] [0, 1, 2, 4, 5, 6, 7, 8, 10, 11]) >[123], 1356.451
TSP_128([[D@4cdbcc2d [9, 4] [0, 1, 2, 3, 5, 6, 7, 8, 10, 11]) >[123], 1353.814
TSP_129([[D@4cdbcc2d [9, 5] [0, 1, 2, 3, 4, 6, 7, 8, 10, 11]) >[123], 1286.737
TSP_130([[D@4cdbcc2d [9, 6] [0, 1, 2, 3, 4, 5, 7, 8, 10, 11]) >[123], 1261.909
TSP_131([[D@4cdbcc2d [9, 7] [0, 1, 2, 3, 4, 5, 6, 8, 10, 11]) >[123], 1417.126
TSP_132([[D@4cdbcc2d [9, 8] [0, 1, 2, 3, 4, 5, 6, 7, 10, 11]) >[123], 1434.707
TSP_133([[D@4cdbcc2d [9, 10] [0, 1, 2, 3, 4, 5, 6, 7, 8, 11]) >[123], 1433.524
TSP_134([[D@4cdbcc2d [9, 11] [0, 1, 2, 3, 4, 5, 6, 7, 8, 10]) >[123], 1436.341
TSP_136([[D@7239c5c6 [10, 0] [1, 2, 3, 4, 5, 6, 7, 8, 9, 11]) >[135], 1432.873
TSP_137([[D@7239c5c6 [10, 1] [0, 2, 3, 4, 5, 6, 7, 8, 9, 11]) >[135], 1433.144
TSP_138([[D@7239c5c6 [10, 2] [0, 1, 3, 4, 5, 6, 7, 8, 9, 11]) >[135], 1405.877
TSP_139([[D@7239c5c6 [10, 3] [0, 1, 2, 4, 5, 6, 7, 8, 9, 11]) >[135], 1392.057
TSP_140([[D@7239c5c6 [10, 4] [0, 1, 2, 3, 5, 6, 7, 8, 9, 11]) >[135], 1416.984
TSP_141([[D@7239c5c6 [10, 5] [0, 1, 2, 3, 4, 6, 7, 8, 9, 11]) >[135], 1438.506
TSP_143([[D@7239c5c6 [10, 7] [0, 1, 2, 3, 4, 5, 6, 8, 9, 11]) >[135], 1379.659
TSP_142([[D@7239c5c6 [10, 6] [0, 1, 2, 3, 4, 5, 7, 8, 9, 11]) >[135], 1446.094
TSP_144([[D@7239c5c6 [10, 8] [0, 1, 2, 3, 4, 5, 6, 7, 9, 11]) >[135], 1405.872
TSP_145([[D@7239c5c6 [10, 9] [0, 1, 2, 3, 4, 5, 6, 7, 8, 11]) >[135], 1407.258
TSP_146([[D@7239c5c6 [10, 11] [0, 1, 2, 3, 4, 5, 6, 7, 8, 9]) >[135], 1396.801
TSP_148([[D@2586d9a [11, 0] [1, 2, 3, 4, 5, 6, 7, 8, 9, 10]) >[147], 1379.032
TSP_149([[D@2586d9a [11, 1] [0, 2, 3, 4, 5, 6, 7, 8, 9, 10]) >[147], 1439.49
TSP_150([[D@2586d9a [11, 2] [0, 1, 3, 4, 5, 6, 7, 8, 9, 10]) >[147], 1439.637
TSP_151([[D@2586d9a [11, 3] [0, 1, 2, 4, 5, 6, 7, 8, 9, 10]) >[147], 1384.309
TSP_152([[D@2586d9a [11, 4] [0, 1, 2, 3, 5, 6, 7, 8, 9, 10]) >[147], 1382.353
TSP_153([[D@2586d9a [11, 5] [0, 1, 2, 3, 4, 6, 7, 8, 9, 10]) >[147], 1428.186
TSP_154([[D@2586d9a [11, 6] [0, 1, 2, 3, 4, 5, 7, 8, 9, 10]) >[147], 1445.089
TSP_155([[D@2586d9a [11, 7] [0, 1, 2, 3, 4, 5, 6, 8, 9, 10]) >[147], 1421.714
Compare TSP_15([ Tour: 4 8 3 7 11 9 5 1 10 6 2 0 | Length: 36.22617373698473] [ Tour: 5 9 8 4 0 3 7 11 10 6 2 1 | Length: 31.313708498984763] [ Tour: 7 11 8 4 0 1 5 9 10 6 2 3 | Length: 31.313708498984763] [ Tour: 0 8 3 7 11 9 5 1 10 6 2 4 | Length: 36.22617373698472] [ Tour: 1 9 8 4 0 3 7 11 10 6 2 5 | Length: 31.810684591656077] [ Tour: 10 11 7 3 0 4 8 9 5 1 2 6 | Length: 31.313708498984763] [ Tour: 3 11 8 4 0 1 5 9 10 6 2 7 | Length: 31.810684591656077] [ Tour: 4 0 3 7 11 9 5 1 10 6 2 8 | Length: 35.012581805104034] [ Tour: 5 1 0 4 8 11 7 3 10 6 2 9 | Length: 32.08403811325377] [ Tour: 11 7 3 0 4 8 9 5 1 6 2 10 | Length: 31.81068459165608] [ Tour: 7 3 0 4 8 9 5 1 10 6 2 11 | Length: 32.08403811325377]) >[2], 0.042
TSP_156([[D@2586d9a [11, 8] [0, 1, 2, 3, 4, 5, 6, 7, 9, 10]) >[147], 1411.859
Compare TSP_27([ Tour: 5 9 10 6 2 3 7 11 8 4 0 1 | Length: 31.313708498984763] [ Tour: 6 10 3 7 11 9 5 1 8 4 0 2 | Length: 36.22617373698473] [ Tour: 7 11 10 6 2 1 5 9 8 4 0 3 | Length: 31.313708498984763] [ Tour: 8 11 7 3 2 6 10 9 5 1 0 4 | Length: 31.313708498984763] [ Tour: 1 9 10 6 2 3 7 11 8 4 0 5 | Length: 31.810684591656077] [ Tour: 2 10 3 7 11 9 5 1 8 4 0 6 | Length: 36.22617373698472] [ Tour: 3 11 10 6 2 1 5 9 8 4 0 7 | Length: 31.810684591656077] [ Tour: 11 7 3 2 6 10 9 5 1 4 0 8 | Length: 31.81068459165608] [ Tour: 5 1 2 6 10 11 7 3 8 4 0 9 | Length: 32.08403811325377] [ Tour: 6 2 3 7 11 9 5 1 8 4 0 10 | Length: 35.012581805104034] [ Tour: 7 3 10 6 2 1 5 9 8 4 0 11 | Length: 32.08403811325377]) >[2], 0.005
Compare TSP_39([ Tour: 4 8 11 7 3 2 6 10 9 5 1 0 | Length: 31.313708498984763] [ Tour: 6 10 11 7 3 0 4 8 9 5 1 2 | Length: 31.313708498984763] [ Tour: 7 11 2 6 10 8 4 0 9 5 1 3 | Length: 36.22617373698473] [ Tour: 0 8 11 7 3 2 6 10 9 5 1 4 | Length: 31.810684591656077] [ Tour: 9 8 4 0 3 7 11 10 6 2 1 5 | Length: 31.313708498984763] [ Tour: 2 10 11 7 3 0 4 8 9 5 1 6 | Length: 31.810684591656077] [ Tour: 3 11 2 6 10 8 4 0 9 5 1 7 | Length: 36.22617373698472] [ Tour: 4 0 11 7 3 2 6 10 9 5 1 8 | Length: 32.08403811325377] [ Tour: 8 4 0 3 7 11 10 6 2 5 1 9 | Length: 31.81068459165608] [ Tour: 6 2 11 7 3 0 4 8 9 5 1 10 | Length: 32.08403811325377] [ Tour: 7 3 2 6 10 8 4 0 9 5 1 11 | Length: 35.012581805104034]) >[2], 0.038
Compare TSP_51([ Tour: 3 7 11 10 6 2 1 5 9 8 4 0 | Length: 31.313708498984766] [ Tour: 5 9 10 6 2 3 7 11 8 0 4 1 | Length: 31.810684591656077] [ Tour: 6 10 3 7 11 9 5 1 8 0 4 2 | Length: 36.22617373698473] [ Tour: 7 11 10 6 2 1 5 9 8 0 4 3 | Length: 31.810684591656077] [ Tour: 1 9 10 6 2 3 7 11 8 0 4 5 | Length: 32.14213562373095] [ Tour: 2 10 3 7 11 9 5 1 8 0 4 6 | Length: 36.22617373698472] [ Tour: 3 11 10 6 2 1 5 9 8 0 4 7 | Length: 32.14213562373095] [ Tour: 11 7 3 2 6 10 9 5 1 0 4 8 | Length: 31.313708498984766] [ Tour: 5 1 2 6 10 11 7 3 8 0 4 9 | Length: 32.23619249411002] [ Tour: 6 2 3 7 11 9 5 1 8 0 4 10 | Length: 35.012581805104034] [ Tour: 7 3 10 6 2 1 5 9 8 0 4 11 | Length: 32.23619249411002]) >[2], 0.005
Compare TSP_63([ Tour: 4 8 3 7 11 9 5 1 10 2 6 0 | Length: 36.22617373698473] [ Tour: 5 9 8 4 0 3 7 11 10 2 6 1 | Length: 31.810684591656077] [ Tour: 3 7 11 8 4 0 1 5 9 10 6 2 | Length: 31.313708498984766] [ Tour: 7 11 8 4 0 1 5 9 10 2 6 3 | Length: 31.810684591656077] [ Tour: 0 8 3 7 11 9 5 1 10 2 6 4 | Length: 36.22617373698472] [ Tour: 1 9 8 4 0 3 7 11 10 2 6 5 | Length: 32.14213562373095] [ Tour: 3 11 8 4 0 1 5 9 10 2 6 7 | Length: 32.14213562373095] [ Tour: 4 0 3 7 11 9 5 1 10 2 6 8 | Length: 35.012581805104034] [ Tour: 5 1 0 4 8 11 7 3 10 2 6 9 | Length: 32.23619249411002] [ Tour: 11 7 3 0 4 8 9 5 1 2 6 10 | Length: 31.313708498984766] [ Tour: 7 3 0 4 8 9 5 1 10 2 6 11 | Length: 32.23619249411002]) >[2], 0.005
Compare TSP_75([ Tour: 4 8 9 5 1 2 6 10 11 7 3 0 | Length: 31.313708498984763] [ Tour: 5 9 2 6 10 8 4 0 11 7 3 1 | Length: 36.22617373698473] [ Tour: 6 10 9 5 1 0 4 8 11 7 3 2 | Length: 31.313708498984763] [ Tour: 0 8 9 5 1 2 6 10 11 7 3 4 | Length: 31.810684591656077] [ Tour: 1 9 2 6 10 8 4 0 11 7 3 5 | Length: 36.22617373698472] [ Tour: 2 10 9 5 1 0 4 8 11 7 3 6 | Length: 31.810684591656077] [ Tour: 11 10 6 2 1 5 9 8 4 0 3 7 | Length: 31.313708498984763] [ Tour: 4 0 1 5 9 10 6 2 11 7 3 8 | Length: 32.08403811325377] [ Tour: 5 1 2 6 10 8 4 0 11 7 3 9 | Length: 35.012581805104034] [ Tour: 6 2 9 5 1 0 4 8 11 7 3 10 | Length: 32.08403811325377] [ Tour: 10 6 2 1 5 9 8 4 0 7 3 11 | Length: 31.81068459165608]) >[2], 0.006
Compare TSP_87([ Tour: 4 8 11 7 3 2 6 10 9 1 5 0 | Length: 31.810684591656077] [ Tour: 0 4 8 11 7 3 2 6 10 9 5 1 | Length: 31.313708498984766] [ Tour: 6 10 11 7 3 0 4 8 9 1 5 2 | Length: 31.810684591656077] [ Tour: 7 11 2 6 10 8 4 0 9 1 5 3 | Length: 36.22617373698473] [ Tour: 0 8 11 7 3 2 6 10 9 1 5 4 | Length: 32.14213562373095] [ Tour: 2 10 11 7 3 0 4 8 9 1 5 6 | Length: 32.14213562373095] [ Tour: 3 11 2 6 10 8 4 0 9 1 5 7 | Length: 36.22617373698472] [ Tour: 4 0 11 7 3 2 6 10 9 1 5 8 | Length: 32.23619249411002] [ Tour: 8 4 0 3 7 11 10 6 2 1 5 9 | Length: 31.313708498984766] [ Tour: 6 2 11 7 3 0 4 8 9 1 5 10 | Length: 32.23619249411002] [ Tour: 7 3 2 6 10 8 4 0 9 1 5 11 | Length: 35.012581805104034]) >[2], 0.007
Compare TSP_99([ Tour: 4 8 9 5 1 2 6 10 11 3 7 0 | Length: 31.810684591656077] [ Tour: 5 9 2 6 10 8 4 0 11 3 7 1 | Length: 36.22617373698473] [ Tour: 6 10 9 5 1 0 4 8 11 3 7 2 | Length: 31.810684591656077] [ Tour: 2 6 10 9 5 1 0 4 8 11 7 3 | Length: 31.313708498984766] [ Tour: 0 8 9 5 1 2 6 10 11 3 7 4 | Length: 32.14213562373095] [ Tour: 1 9 2 6 10 8 4 0 11 3 7 5 | Length: 36.22617373698472] [ Tour: 2 10 9 5 1 0 4 8 11 3 7 6 | Length: 32.14213562373095] [ Tour: 4 0 1 5 9 10 6 2 11 3 7 8 | Length: 32.23619249411002] [ Tour: 5 1 2 6 10 8 4 0 11 3 7 9 | Length: 35.012581805104034] [ Tour: 6 2 9 5 1 0 4 8 11 3 7 10 | Length: 32.23619249411002] [ Tour: 10 6 2 1 5 9 8 4 0 3 7 11 | Length: 31.313708498984766]) >[2], 0.006
Compare TSP_123([ Tour: 4 8 11 7 3 10 6 2 1 5 9 0 | Length: 32.08403811325377] [ Tour: 5 0 4 8 11 7 3 2 6 10 9 1 | Length: 31.81068459165608] [ Tour: 6 10 11 7 3 8 4 0 1 5 9 2 | Length: 32.08403811325377] [ Tour: 7 11 2 6 10 8 4 0 1 5 9 3 | Length: 35.012581805104034] [ Tour: 0 8 11 7 3 10 6 2 1 5 9 4 | Length: 32.23619249411002] [ Tour: 1 0 4 8 11 7 3 2 6 10 9 5 | Length: 31.313708498984766] [ Tour: 2 10 11 7 3 8 4 0 1 5 9 6 | Length: 32.23619249411002] [ Tour: 3 11 2 6 10 8 4 0 1 5 9 7 | Length: 35.01258180510403] [ Tour: 4 0 3 7 11 10 6 2 1 5 9 8 | Length: 31.313708498984763] [ Tour: 6 2 3 7 11 8 4 0 1 5 9 10 | Length: 31.313708498984763] [ Tour: 7 3 2 6 10 8 4 0 1 5 9 11 | Length: 33.798989873223334]) >[2], 0.005
Compare TSP_111([ Tour: 4 3 7 11 10 6 2 1 5 9 8 0 | Length: 31.81068459165608] [ Tour: 5 9 10 6 2 11 7 3 0 4 8 1 | Length: 32.08403811325377] [ Tour: 6 10 3 7 11 9 5 1 0 4 8 2 | Length: 35.012581805104034] [ Tour: 7 11 10 6 2 9 5 1 0 4 8 3 | Length: 32.08403811325377] [ Tour: 0 3 7 11 10 6 2 1 5 9 8 4 | Length: 31.313708498984766] [ Tour: 1 9 10 6 2 11 7 3 0 4 8 5 | Length: 32.23619249411002] [ Tour: 2 10 3 7 11 9 5 1 0 4 8 6 | Length: 35.01258180510403] [ Tour: 3 11 10 6 2 9 5 1 0 4 8 7 | Length: 32.23619249411002] [ Tour: 5 1 2 6 10 11 7 3 0 4 8 9 | Length: 31.313708498984763] [ Tour: 6 2 3 7 11 9 5 1 0 4 8 10 | Length: 33.798989873223334] [ Tour: 7 3 2 6 10 9 5 1 0 4 8 11 | Length: 31.313708498984763]) >[2], 0.006
Compare TSP_135([ Tour: 4 8 3 7 11 9 5 1 2 6 10 0 | Length: 35.012581805104034] [ Tour: 5 9 8 4 0 11 7 3 2 6 10 1 | Length: 32.08403811325377] [ Tour: 6 3 7 11 8 4 0 1 5 9 10 2 | Length: 31.81068459165608] [ Tour: 7 11 8 4 0 9 5 1 2 6 10 3 | Length: 32.08403811325377] [ Tour: 0 8 3 7 11 9 5 1 2 6 10 4 | Length: 35.01258180510403] [ Tour: 1 9 8 4 0 11 7 3 2 6 10 5 | Length: 32.23619249411002] [ Tour: 2 3 7 11 8 4 0 1 5 9 10 6 | Length: 31.313708498984766] [ Tour: 3 11 8 4 0 9 5 1 2 6 10 7 | Length: 32.23619249411002] [ Tour: 4 0 3 7 11 9 5 1 2 6 10 8 | Length: 33.798989873223334] [ Tour: 5 1 0 4 8 11 7 3 2 6 10 9 | Length: 31.313708498984763] [ Tour: 7 3 0 4 8 9 5 1 2 6 10 11 | Length: 31.313708498984763]) >[2], 0.005
TSP_157([[D@2586d9a [11, 9] [0, 1, 2, 3, 4, 5, 6, 7, 8, 10]) >[147], 1177.866
TSP_158([[D@2586d9a [11, 10] [0, 1, 2, 3, 4, 5, 6, 7, 8, 9]) >[147], 1063.169
Compare TSP_147([ Tour: 4 8 9 5 1 10 6 2 3 7 11 0 | Length: 32.08403811325377] [ Tour: 5 9 2 6 10 8 4 0 3 7 11 1 | Length: 35.012581805104034] [ Tour: 6 10 9 5 1 8 4 0 3 7 11 2 | Length: 32.08403811325377] [ Tour: 7 2 6 10 9 5 1 0 4 8 11 3 | Length: 31.81068459165608] [ Tour: 0 8 9 5 1 10 6 2 3 7 11 4 | Length: 32.23619249411002] [ Tour: 1 9 2 6 10 8 4 0 3 7 11 5 | Length: 35.01258180510403] [ Tour: 2 10 9 5 1 8 4 0 3 7 11 6 | Length: 32.23619249411002] [ Tour: 3 2 6 10 9 5 1 0 4 8 11 7 | Length: 31.313708498984766] [ Tour: 4 0 1 5 9 10 6 2 3 7 11 8 | Length: 31.313708498984763] [ Tour: 5 1 2 6 10 8 4 0 3 7 11 9 | Length: 33.798989873223334] [ Tour: 6 2 1 5 9 8 4 0 3 7 11 10 | Length: 31.313708498984763]) >[2], 0.047
Compare TSP_2([ Tour: 5 9 10 6 2 3 7 11 8 4 0 1 | Length: 31.313708498984763] [ Tour: 4 8 11 7 3 2 6 10 9 5 1 0 | Length: 31.313708498984763] [ Tour: 5 9 8 4 0 3 7 11 10 6 2 1 | Length: 31.313708498984763] [ Tour: 4 8 9 5 1 2 6 10 11 7 3 0 | Length: 31.313708498984763] [ Tour: 3 7 11 10 6 2 1 5 9 8 4 0 | Length: 31.313708498984766] [ Tour: 0 4 8 11 7 3 2 6 10 9 5 1 | Length: 31.313708498984766] [ Tour: 5 9 8 4 0 3 7 11 10 2 6 1 | Length: 31.810684591656077] [ Tour: 4 8 9 5 1 2 6 10 11 3 7 0 | Length: 31.810684591656077] [ Tour: 4 3 7 11 10 6 2 1 5 9 8 0 | Length: 31.81068459165608] [ Tour: 5 0 4 8 11 7 3 2 6 10 9 1 | Length: 31.81068459165608] [ Tour: 5 9 8 4 0 11 7 3 2 6 10 1 | Length: 32.08403811325377] [ Tour: 4 8 9 5 1 10 6 2 3 7 11 0 | Length: 32.08403811325377]) >[0], 0.004
Client Total,56614.767

