Component, Time (ms)
TSP_1([[D@3ec35868 [] [0, 1, 2, 3, 4, 5, 6, 7, 8, 9, 10, 11]) >[0], 1.401
TSP_3([[D@3ec35868 [0] [1, 2, 3, 4, 5, 6, 7, 8, 9, 10, 11]) >[2], 0.312
TSP_4([[D@3ec35868 [1] [0, 2, 3, 4, 5, 6, 7, 8, 9, 10, 11]) >[2], 0.289
TSP_5([[D@3ec35868 [2] [0, 1, 3, 4, 5, 6, 7, 8, 9, 10, 11]) >[2], 0.28
TSP_7([[D@3ec35868 [4] [0, 1, 2, 3, 5, 6, 7, 8, 9, 10, 11]) >[2], 0.284
TSP_6([[D@3ec35868 [3] [0, 1, 2, 4, 5, 6, 7, 8, 9, 10, 11]) >[2], 0.298
TSP_9([[D@3ec35868 [6] [0, 1, 2, 3, 4, 5, 7, 8, 9, 10, 11]) >[2], 0.256
TSP_8([[D@3ec35868 [5] [0, 1, 2, 3, 4, 6, 7, 8, 9, 10, 11]) >[2], 0.247
TSP_11([[D@3ec35868 [8] [0, 1, 2, 3, 4, 5, 6, 7, 9, 10, 11]) >[2], 0.257
TSP_10([[D@3ec35868 [7] [0, 1, 2, 3, 4, 5, 6, 8, 9, 10, 11]) >[2], 0.314
TSP_12([[D@3ec35868 [9] [0, 1, 2, 3, 4, 5, 6, 7, 8, 10, 11]) >[2], 0.936
TSP_14([[D@3ec35868 [11] [0, 1, 2, 3, 4, 5, 6, 7, 8, 9, 10]) >[2], 0.244
TSP_13([[D@3ec35868 [10] [0, 1, 2, 3, 4, 5, 6, 7, 8, 9, 11]) >[2], 0.274
TSP_17([[D@3ec35868 [0, 2] [1, 3, 4, 5, 6, 7, 8, 9, 10, 11]) >[15], 2309.218
TSP_16([[D@3ec35868 [0, 1] [2, 3, 4, 5, 6, 7, 8, 9, 10, 11]) >[15], 2359.732
TSP_18([[D@3ec35868 [0, 3] [1, 2, 4, 5, 6, 7, 8, 9, 10, 11]) >[15], 2373.799
TSP_19([[D@3ec35868 [0, 4] [1, 2, 3, 5, 6, 7, 8, 9, 10, 11]) >[15], 2373.418
TSP_20([[D@3ec35868 [0, 5] [1, 2, 3, 4, 6, 7, 8, 9, 10, 11]) >[15], 1338.815
TSP_21([[D@3ec35868 [0, 6] [1, 2, 3, 4, 5, 7, 8, 9, 10, 11]) >[15], 1330.287
TSP_22([[D@3ec35868 [0, 7] [1, 2, 3, 4, 5, 6, 8, 9, 10, 11]) >[15], 1305.414
TSP_23([[D@3ec35868 [0, 8] [1, 2, 3, 4, 5, 6, 7, 9, 10, 11]) >[15], 1295.808
TSP_24([[D@3ec35868 [0, 9] [1, 2, 3, 4, 5, 6, 7, 8, 10, 11]) >[15], 1439.966
TSP_26([[D@3ec35868 [0, 11] [1, 2, 3, 4, 5, 6, 7, 8, 9, 10]) >[15], 1398.323
TSP_25([[D@3ec35868 [0, 10] [1, 2, 3, 4, 5, 6, 7, 8, 9, 11]) >[15], 1449.797
TSP_28([[D@3ec35868 [1, 0] [2, 3, 4, 5, 6, 7, 8, 9, 10, 11]) >[27], 1436.849
TSP_29([[D@3ec35868 [1, 2] [0, 3, 4, 5, 6, 7, 8, 9, 10, 11]) >[27], 1510.148
TSP_30([[D@3ec35868 [1, 3] [0, 2, 4, 5, 6, 7, 8, 9, 10, 11]) >[27], 1512.315
TSP_31([[D@3ec35868 [1, 4] [0, 2, 3, 5, 6, 7, 8, 9, 10, 11]) >[27], 1522.533
TSP_32([[D@3ec35868 [1, 5] [0, 2, 3, 4, 6, 7, 8, 9, 10, 11]) >[27], 1514.186
TSP_33([[D@3ec35868 [1, 6] [0, 2, 3, 4, 5, 7, 8, 9, 10, 11]) >[27], 1412.582
TSP_34([[D@3ec35868 [1, 7] [0, 2, 3, 4, 5, 6, 8, 9, 10, 11]) >[27], 1422.507
TSP_36([[D@3ec35868 [1, 9] [0, 2, 3, 4, 5, 6, 7, 8, 10, 11]) >[27], 1465.94
TSP_35([[D@3ec35868 [1, 8] [0, 2, 3, 4, 5, 6, 7, 9, 10, 11]) >[27], 1476.719
TSP_37([[D@3ec35868 [1, 10] [0, 2, 3, 4, 5, 6, 7, 8, 9, 11]) >[27], 1440.726
TSP_38([[D@3ec35868 [1, 11] [0, 2, 3, 4, 5, 6, 7, 8, 9, 10]) >[27], 1478.601
TSP_40([[D@3ec35868 [2, 0] [1, 3, 4, 5, 6, 7, 8, 9, 10, 11]) >[39], 1465.352
TSP_41([[D@3ec35868 [2, 1] [0, 3, 4, 5, 6, 7, 8, 9, 10, 11]) >[39], 1476.033
TSP_42([[D@3ec35868 [2, 3] [0, 1, 4, 5, 6, 7, 8, 9, 10, 11]) >[39], 1411.952
TSP_43([[D@3ec35868 [2, 4] [0, 1, 3, 5, 6, 7, 8, 9, 10, 11]) >[39], 1435.778
TSP_45([[D@3ec35868 [2, 6] [0, 1, 3, 4, 5, 7, 8, 9, 10, 11]) >[39], 1399.575
TSP_44([[D@3ec35868 [2, 5] [0, 1, 3, 4, 6, 7, 8, 9, 10, 11]) >[39], 1459.611
TSP_46([[D@3ec35868 [2, 7] [0, 1, 3, 4, 5, 6, 8, 9, 10, 11]) >[39], 1393.136
TSP_47([[D@3ec35868 [2, 8] [0, 1, 3, 4, 5, 6, 7, 9, 10, 11]) >[39], 1397.953
TSP_48([[D@3ec35868 [2, 9] [0, 1, 3, 4, 5, 6, 7, 8, 10, 11]) >[39], 1387.461
TSP_49([[D@3ec35868 [2, 10] [0, 1, 3, 4, 5, 6, 7, 8, 9, 11]) >[39], 1357.402
TSP_50([[D@3ec35868 [2, 11] [0, 1, 3, 4, 5, 6, 7, 8, 9, 10]) >[39], 1384.583
TSP_52([[D@3ec35868 [4, 0] [1, 2, 3, 5, 6, 7, 8, 9, 10, 11]) >[51], 1415.143
TSP_54([[D@3ec35868 [4, 2] [0, 1, 3, 5, 6, 7, 8, 9, 10, 11]) >[51], 1379.14
TSP_53([[D@3ec35868 [4, 1] [0, 2, 3, 5, 6, 7, 8, 9, 10, 11]) >[51], 1402.535
TSP_55([[D@3ec35868 [4, 3] [0, 1, 2, 5, 6, 7, 8, 9, 10, 11]) >[51], 1531.186
TSP_56([[D@3ec35868 [4, 5] [0, 1, 2, 3, 6, 7, 8, 9, 10, 11]) >[51], 1523.839
TSP_58([[D@3ec35868 [4, 7] [0, 1, 2, 3, 5, 6, 8, 9, 10, 11]) >[51], 1522.756
TSP_57([[D@3ec35868 [4, 6] [0, 1, 2, 3, 5, 7, 8, 9, 10, 11]) >[51], 1538.872
TSP_59([[D@3ec35868 [4, 8] [0, 1, 2, 3, 5, 6, 7, 9, 10, 11]) >[51], 1577.242
TSP_60([[D@3ec35868 [4, 9] [0, 1, 2, 3, 5, 6, 7, 8, 10, 11]) >[51], 1535.283
TSP_62([[D@3ec35868 [4, 11] [0, 1, 2, 3, 5, 6, 7, 8, 9, 10]) >[51], 1532.176
TSP_61([[D@3ec35868 [4, 10] [0, 1, 2, 3, 5, 6, 7, 8, 9, 11]) >[51], 1559.187
TSP_64([[D@3ec35868 [5, 0] [1, 2, 3, 4, 6, 7, 8, 9, 10, 11]) >[63], 1349.749
TSP_65([[D@3ec35868 [5, 1] [0, 2, 3, 4, 6, 7, 8, 9, 10, 11]) >[63], 1333.937
TSP_66([[D@3ec35868 [5, 2] [0, 1, 3, 4, 6, 7, 8, 9, 10, 11]) >[63], 1371.723
TSP_67([[D@3ec35868 [5, 3] [0, 1, 2, 4, 6, 7, 8, 9, 10, 11]) >[63], 1398.702
TSP_68([[D@3ec35868 [5, 4] [0, 1, 2, 3, 6, 7, 8, 9, 10, 11]) >[63], 1394.691
TSP_69([[D@3ec35868 [5, 6] [0, 1, 2, 3, 4, 7, 8, 9, 10, 11]) >[63], 1358.081
TSP_70([[D@3ec35868 [5, 7] [0, 1, 2, 3, 4, 6, 8, 9, 10, 11]) >[63], 1363.56
TSP_71([[D@3ec35868 [5, 8] [0, 1, 2, 3, 4, 6, 7, 9, 10, 11]) >[63], 1375.319
TSP_72([[D@3ec35868 [5, 9] [0, 1, 2, 3, 4, 6, 7, 8, 10, 11]) >[63], 1425.427
TSP_73([[D@3ec35868 [5, 10] [0, 1, 2, 3, 4, 6, 7, 8, 9, 11]) >[63], 1441.856
TSP_74([[D@3ec35868 [5, 11] [0, 1, 2, 3, 4, 6, 7, 8, 9, 10]) >[63], 1438.504
TSP_76([[D@3ec35868 [8, 0] [1, 2, 3, 4, 5, 6, 7, 9, 10, 11]) >[75], 1410.003
TSP_77([[D@3ec35868 [8, 1] [0, 2, 3, 4, 5, 6, 7, 9, 10, 11]) >[75], 1469.091
TSP_78([[D@3ec35868 [8, 2] [0, 1, 3, 4, 5, 6, 7, 9, 10, 11]) >[75], 1491.992
TSP_79([[D@3ec35868 [8, 3] [0, 1, 2, 4, 5, 6, 7, 9, 10, 11]) >[75], 1476.978
TSP_80([[D@3ec35868 [8, 4] [0, 1, 2, 3, 5, 6, 7, 9, 10, 11]) >[75], 1484.594
TSP_81([[D@3ec35868 [8, 5] [0, 1, 2, 3, 4, 6, 7, 9, 10, 11]) >[75], 1495.716
TSP_82([[D@3ec35868 [8, 6] [0, 1, 2, 3, 4, 5, 7, 9, 10, 11]) >[75], 1472.628
TSP_83([[D@3ec35868 [8, 7] [0, 1, 2, 3, 4, 5, 6, 9, 10, 11]) >[75], 1479.157
TSP_84([[D@3ec35868 [8, 9] [0, 1, 2, 3, 4, 5, 6, 7, 10, 11]) >[75], 1462.07
TSP_85([[D@3ec35868 [8, 10] [0, 1, 2, 3, 4, 5, 6, 7, 9, 11]) >[75], 1682.274
TSP_86([[D@3ec35868 [8, 11] [0, 1, 2, 3, 4, 5, 6, 7, 9, 10]) >[75], 1816.03
TSP_88([[D@3ec35868 [3, 0] [1, 2, 4, 5, 6, 7, 8, 9, 10, 11]) >[87], 1818.203
TSP_89([[D@3ec35868 [3, 1] [0, 2, 4, 5, 6, 7, 8, 9, 10, 11]) >[87], 1845.185
TSP_90([[D@3ec35868 [3, 2] [0, 1, 4, 5, 6, 7, 8, 9, 10, 11]) >[87], 2310.914
TSP_91([[D@3ec35868 [3, 4] [0, 1, 2, 5, 6, 7, 8, 9, 10, 11]) >[87], 2233.695
TSP_92([[D@3ec35868 [3, 5] [0, 1, 2, 4, 6, 7, 8, 9, 10, 11]) >[87], 2210.242
TSP_93([[D@3ec35868 [3, 6] [0, 1, 2, 4, 5, 7, 8, 9, 10, 11]) >[87], 2221.541
TSP_94([[D@3ec35868 [3, 7] [0, 1, 2, 4, 5, 6, 8, 9, 10, 11]) >[87], 2064.734
TSP_95([[D@3ec35868 [3, 8] [0, 1, 2, 4, 5, 6, 7, 9, 10, 11]) >[87], 2100.329
TSP_96([[D@3ec35868 [3, 9] [0, 1, 2, 4, 5, 6, 7, 8, 10, 11]) >[87], 2151.911
TSP_97([[D@3ec35868 [3, 10] [0, 1, 2, 4, 5, 6, 7, 8, 9, 11]) >[87], 2319.418
TSP_98([[D@3ec35868 [3, 11] [0, 1, 2, 4, 5, 6, 7, 8, 9, 10]) >[87], 2456.018
TSP_100([[D@3ec35868 [6, 0] [1, 2, 3, 4, 5, 7, 8, 9, 10, 11]) >[99], 2463.962
TSP_101([[D@3ec35868 [6, 1] [0, 2, 3, 4, 5, 7, 8, 9, 10, 11]) >[99], 2507.455
TSP_102([[D@3ec35868 [6, 2] [0, 1, 3, 4, 5, 7, 8, 9, 10, 11]) >[99], 2498.601
TSP_103([[D@3ec35868 [6, 3] [0, 1, 2, 4, 5, 7, 8, 9, 10, 11]) >[99], 2392.168
TSP_104([[D@3ec35868 [6, 4] [0, 1, 2, 3, 5, 7, 8, 9, 10, 11]) >[99], 2341.123
TSP_105([[D@3ec35868 [6, 5] [0, 1, 2, 3, 4, 7, 8, 9, 10, 11]) >[99], 2339.969
TSP_106([[D@3ec35868 [6, 7] [0, 1, 2, 3, 4, 5, 8, 9, 10, 11]) >[99], 2368.977
TSP_107([[D@3ec35868 [6, 8] [0, 1, 2, 3, 4, 5, 7, 9, 10, 11]) >[99], 2416.588
TSP_108([[D@3ec35868 [6, 9] [0, 1, 2, 3, 4, 5, 7, 8, 10, 11]) >[99], 2362.746
TSP_109([[D@3ec35868 [6, 10] [0, 1, 2, 3, 4, 5, 7, 8, 9, 11]) >[99], 2356.929
TSP_110([[D@3ec35868 [6, 11] [0, 1, 2, 3, 4, 5, 7, 8, 9, 10]) >[99], 2378.602
TSP_112([[D@3ec35868 [7, 0] [1, 2, 3, 4, 5, 6, 8, 9, 10, 11]) >[111], 2330.669
TSP_113([[D@3ec35868 [7, 1] [0, 2, 3, 4, 5, 6, 8, 9, 10, 11]) >[111], 2367.116
TSP_114([[D@3ec35868 [7, 2] [0, 1, 3, 4, 5, 6, 8, 9, 10, 11]) >[111], 2387.731
TSP_115([[D@3ec35868 [7, 3] [0, 1, 2, 4, 5, 6, 8, 9, 10, 11]) >[111], 2469.934
TSP_116([[D@3ec35868 [7, 4] [0, 1, 2, 3, 5, 6, 8, 9, 10, 11]) >[111], 2729.37
TSP_117([[D@3ec35868 [7, 5] [0, 1, 2, 3, 4, 6, 8, 9, 10, 11]) >[111], 2656.315
TSP_118([[D@3ec35868 [7, 6] [0, 1, 2, 3, 4, 5, 8, 9, 10, 11]) >[111], 2732.318
TSP_119([[D@3ec35868 [7, 8] [0, 1, 2, 3, 4, 5, 6, 9, 10, 11]) >[111], 2627.245
TSP_120([[D@3ec35868 [7, 9] [0, 1, 2, 3, 4, 5, 6, 8, 10, 11]) >[111], 2246.931
TSP_121([[D@3ec35868 [7, 10] [0, 1, 2, 3, 4, 5, 6, 8, 9, 11]) >[111], 2257.248
TSP_122([[D@3ec35868 [7, 11] [0, 1, 2, 3, 4, 5, 6, 8, 9, 10]) >[111], 2124.914
TSP_124([[D@3ec35868 [9, 0] [1, 2, 3, 4, 5, 6, 7, 8, 10, 11]) >[123], 2171.203
TSP_126([[D@3ec35868 [9, 2] [0, 1, 3, 4, 5, 6, 7, 8, 10, 11]) >[123], 2464.295
TSP_125([[D@3ec35868 [9, 1] [0, 2, 3, 4, 5, 6, 7, 8, 10, 11]) >[123], 2554.259
TSP_127([[D@3ec35868 [9, 3] [0, 1, 2, 4, 5, 6, 7, 8, 10, 11]) >[123], 2488.887
TSP_128([[D@3ec35868 [9, 4] [0, 1, 2, 3, 5, 6, 7, 8, 10, 11]) >[123], 2375.865
TSP_129([[D@3ec35868 [9, 5] [0, 1, 2, 3, 4, 6, 7, 8, 10, 11]) >[123], 2293.606
TSP_130([[D@3ec35868 [9, 6] [0, 1, 2, 3, 4, 5, 7, 8, 10, 11]) >[123], 2316.719
TSP_131([[D@3ec35868 [9, 7] [0, 1, 2, 3, 4, 5, 6, 8, 10, 11]) >[123], 2285.521
TSP_132([[D@3ec35868 [9, 8] [0, 1, 2, 3, 4, 5, 6, 7, 10, 11]) >[123], 2340.595
TSP_133([[D@3ec35868 [9, 10] [0, 1, 2, 3, 4, 5, 6, 7, 8, 11]) >[123], 2003.497
TSP_134([[D@3ec35868 [9, 11] [0, 1, 2, 3, 4, 5, 6, 7, 8, 10]) >[123], 2048.632
TSP_136([[D@3ec35868 [11, 0] [1, 2, 3, 4, 5, 6, 7, 8, 9, 10]) >[135], 2081.425
TSP_137([[D@3ec35868 [11, 1] [0, 2, 3, 4, 5, 6, 7, 8, 9, 10]) >[135], 2241.517
TSP_139([[D@3ec35868 [11, 3] [0, 1, 2, 4, 5, 6, 7, 8, 9, 10]) >[135], 2033.212
TSP_138([[D@3ec35868 [11, 2] [0, 1, 3, 4, 5, 6, 7, 8, 9, 10]) >[135], 2181.967
TSP_140([[D@3ec35868 [11, 4] [0, 1, 2, 3, 5, 6, 7, 8, 9, 10]) >[135], 2070.863
TSP_141([[D@3ec35868 [11, 5] [0, 1, 2, 3, 4, 6, 7, 8, 9, 10]) >[135], 1887.958
TSP_143([[D@3ec35868 [11, 7] [0, 1, 2, 3, 4, 5, 6, 8, 9, 10]) >[135], 1540.276
TSP_142([[D@3ec35868 [11, 6] [0, 1, 2, 3, 4, 5, 7, 8, 9, 10]) >[135], 1583.54
TSP_144([[D@3ec35868 [11, 8] [0, 1, 2, 3, 4, 5, 6, 7, 9, 10]) >[135], 1542.434
TSP_145([[D@3ec35868 [11, 9] [0, 1, 2, 3, 4, 5, 6, 7, 8, 10]) >[135], 1540.926
TSP_146([[D@3ec35868 [11, 10] [0, 1, 2, 3, 4, 5, 6, 7, 8, 9]) >[135], 1588.008
TSP_148([[D@3ec35868 [10, 0] [1, 2, 3, 4, 5, 6, 7, 8, 9, 11]) >[147], 1570.954
TSP_149([[D@3ec35868 [10, 1] [0, 2, 3, 4, 5, 6, 7, 8, 9, 11]) >[147], 1592.295
TSP_150([[D@3ec35868 [10, 2] [0, 1, 3, 4, 5, 6, 7, 8, 9, 11]) >[147], 1579.887
TSP_151([[D@3ec35868 [10, 3] [0, 1, 2, 4, 5, 6, 7, 8, 9, 11]) >[147], 1575.952
TSP_152([[D@3ec35868 [10, 4] [0, 1, 2, 3, 5, 6, 7, 8, 9, 11]) >[147], 1585.745
TSP_153([[D@3ec35868 [10, 5] [0, 1, 2, 3, 4, 6, 7, 8, 9, 11]) >[147], 1544.867
TSP_154([[D@3ec35868 [10, 6] [0, 1, 2, 3, 4, 5, 7, 8, 9, 11]) >[147], 1673.0
TSP_156([[D@3ec35868 [10, 8] [0, 1, 2, 3, 4, 5, 6, 7, 9, 11]) >[147], 1489.252
Compare TSP_15([ Tour: 5 9 10 6 2 3 7 11 8 4 0 1 | Length: 31.313708498984763] [ Tour: 6 10 3 7 11 9 5 1 8 4 0 2 | Length: 36.22617373698473] [ Tour: 7 11 10 6 2 1 5 9 8 4 0 3 | Length: 31.313708498984763] [ Tour: 8 11 7 3 2 6 10 9 5 1 0 4 | Length: 31.313708498984763] [ Tour: 1 9 10 6 2 3 7 11 8 4 0 5 | Length: 31.810684591656077] [ Tour: 2 10 3 7 11 9 5 1 8 4 0 6 | Length: 36.22617373698472] [ Tour: 3 11 10 6 2 1 5 9 8 4 0 7 | Length: 31.810684591656077] [ Tour: 11 7 3 2 6 10 9 5 1 4 0 8 | Length: 31.81068459165608] [ Tour: 5 1 2 6 10 11 7 3 8 4 0 9 | Length: 32.08403811325377] [ Tour: 6 2 3 7 11 9 5 1 8 4 0 10 | Length: 35.012581805104034] [ Tour: 7 3 10 6 2 1 5 9 8 4 0 11 | Length: 32.08403811325377]) >[2], 0.034
Compare TSP_27([ Tour: 4 8 11 7 3 2 6 10 9 5 1 0 | Length: 31.313708498984763] [ Tour: 6 10 11 7 3 0 4 8 9 5 1 2 | Length: 31.313708498984763] [ Tour: 7 11 2 6 10 8 4 0 9 5 1 3 | Length: 36.22617373698473] [ Tour: 0 8 11 7 3 2 6 10 9 5 1 4 | Length: 31.810684591656077] [ Tour: 9 8 4 0 3 7 11 10 6 2 1 5 | Length: 31.313708498984763] [ Tour: 2 10 11 7 3 0 4 8 9 5 1 6 | Length: 31.810684591656077] [ Tour: 3 11 2 6 10 8 4 0 9 5 1 7 | Length: 36.22617373698472] [ Tour: 4 0 11 7 3 2 6 10 9 5 1 8 | Length: 32.08403811325377] [ Tour: 8 4 0 3 7 11 10 6 2 5 1 9 | Length: 31.81068459165608] [ Tour: 6 2 11 7 3 0 4 8 9 5 1 10 | Length: 32.08403811325377] [ Tour: 7 3 2 6 10 8 4 0 9 5 1 11 | Length: 35.012581805104034]) >[2], 0.005
Compare TSP_39([ Tour: 4 8 3 7 11 9 5 1 10 6 2 0 | Length: 36.22617373698473] [ Tour: 5 9 8 4 0 3 7 11 10 6 2 1 | Length: 31.313708498984763] [ Tour: 7 11 8 4 0 1 5 9 10 6 2 3 | Length: 31.313708498984763] [ Tour: 0 8 3 7 11 9 5 1 10 6 2 4 | Length: 36.22617373698472] [ Tour: 1 9 8 4 0 3 7 11 10 6 2 5 | Length: 31.810684591656077] [ Tour: 10 11 7 3 0 4 8 9 5 1 2 6 | Length: 31.313708498984763] [ Tour: 3 11 8 4 0 1 5 9 10 6 2 7 | Length: 31.810684591656077] [ Tour: 4 0 3 7 11 9 5 1 10 6 2 8 | Length: 35.012581805104034] [ Tour: 5 1 0 4 8 11 7 3 10 6 2 9 | Length: 32.08403811325377] [ Tour: 11 7 3 0 4 8 9 5 1 6 2 10 | Length: 31.81068459165608] [ Tour: 7 3 0 4 8 9 5 1 10 6 2 11 | Length: 32.08403811325377]) >[2], 0.005
Compare TSP_51([ Tour: 3 7 11 10 6 2 1 5 9 8 4 0 | Length: 31.313708498984766] [ Tour: 5 9 10 6 2 3 7 11 8 0 4 1 | Length: 31.810684591656077] [ Tour: 6 10 3 7 11 9 5 1 8 0 4 2 | Length: 36.22617373698473] [ Tour: 7 11 10 6 2 1 5 9 8 0 4 3 | Length: 31.810684591656077] [ Tour: 1 9 10 6 2 3 7 11 8 0 4 5 | Length: 32.14213562373095] [ Tour: 2 10 3 7 11 9 5 1 8 0 4 6 | Length: 36.22617373698472] [ Tour: 3 11 10 6 2 1 5 9 8 0 4 7 | Length: 32.14213562373095] [ Tour: 11 7 3 2 6 10 9 5 1 0 4 8 | Length: 31.313708498984766] [ Tour: 5 1 2 6 10 11 7 3 8 0 4 9 | Length: 32.23619249411002] [ Tour: 6 2 3 7 11 9 5 1 8 0 4 10 | Length: 35.012581805104034] [ Tour: 7 3 10 6 2 1 5 9 8 0 4 11 | Length: 32.23619249411002]) >[2], 0.005
Compare TSP_63([ Tour: 4 8 11 7 3 2 6 10 9 1 5 0 | Length: 31.810684591656077] [ Tour: 0 4 8 11 7 3 2 6 10 9 5 1 | Length: 31.313708498984766] [ Tour: 6 10 11 7 3 0 4 8 9 1 5 2 | Length: 31.810684591656077] [ Tour: 7 11 2 6 10 8 4 0 9 1 5 3 | Length: 36.22617373698473] [ Tour: 0 8 11 7 3 2 6 10 9 1 5 4 | Length: 32.14213562373095] [ Tour: 2 10 11 7 3 0 4 8 9 1 5 6 | Length: 32.14213562373095] [ Tour: 3 11 2 6 10 8 4 0 9 1 5 7 | Length: 36.22617373698472] [ Tour: 4 0 11 7 3 2 6 10 9 1 5 8 | Length: 32.23619249411002] [ Tour: 8 4 0 3 7 11 10 6 2 1 5 9 | Length: 31.313708498984766] [ Tour: 6 2 11 7 3 0 4 8 9 1 5 10 | Length: 32.23619249411002] [ Tour: 7 3 2 6 10 8 4 0 9 1 5 11 | Length: 35.012581805104034]) >[2], 0.006
Compare TSP_75([ Tour: 4 3 7 11 10 6 2 1 5 9 8 0 | Length: 31.81068459165608] [ Tour: 5 9 10 6 2 11 7 3 0 4 8 1 | Length: 32.08403811325377] [ Tour: 6 10 3 7 11 9 5 1 0 4 8 2 | Length: 35.012581805104034] [ Tour: 7 11 10 6 2 9 5 1 0 4 8 3 | Length: 32.08403811325377] [ Tour: 0 3 7 11 10 6 2 1 5 9 8 4 | Length: 31.313708498984766] [ Tour: 1 9 10 6 2 11 7 3 0 4 8 5 | Length: 32.23619249411002] [ Tour: 2 10 3 7 11 9 5 1 0 4 8 6 | Length: 35.01258180510403] [ Tour: 3 11 10 6 2 9 5 1 0 4 8 7 | Length: 32.23619249411002] [ Tour: 5 1 2 6 10 11 7 3 0 4 8 9 | Length: 31.313708498984763] [ Tour: 6 2 3 7 11 9 5 1 0 4 8 10 | Length: 33.798989873223334] [ Tour: 7 3 2 6 10 9 5 1 0 4 8 11 | Length: 31.313708498984763]) >[2], 0.005
Compare TSP_87([ Tour: 4 8 9 5 1 2 6 10 11 7 3 0 | Length: 31.313708498984763] [ Tour: 5 9 2 6 10 8 4 0 11 7 3 1 | Length: 36.22617373698473] [ Tour: 6 10 9 5 1 0 4 8 11 7 3 2 | Length: 31.313708498984763] [ Tour: 0 8 9 5 1 2 6 10 11 7 3 4 | Length: 31.810684591656077] [ Tour: 1 9 2 6 10 8 4 0 11 7 3 5 | Length: 36.22617373698472] [ Tour: 2 10 9 5 1 0 4 8 11 7 3 6 | Length: 31.810684591656077] [ Tour: 11 10 6 2 1 5 9 8 4 0 3 7 | Length: 31.313708498984763] [ Tour: 4 0 1 5 9 10 6 2 11 7 3 8 | Length: 32.08403811325377] [ Tour: 5 1 2 6 10 8 4 0 11 7 3 9 | Length: 35.012581805104034] [ Tour: 6 2 9 5 1 0 4 8 11 7 3 10 | Length: 32.08403811325377] [ Tour: 10 6 2 1 5 9 8 4 0 7 3 11 | Length: 31.81068459165608]) >[2], 0.005
Compare TSP_99([ Tour: 4 8 3 7 11 9 5 1 10 2 6 0 | Length: 36.22617373698473] [ Tour: 5 9 8 4 0 3 7 11 10 2 6 1 | Length: 31.810684591656077] [ Tour: 3 7 11 8 4 0 1 5 9 10 6 2 | Length: 31.313708498984766] [ Tour: 7 11 8 4 0 1 5 9 10 2 6 3 | Length: 31.810684591656077] [ Tour: 0 8 3 7 11 9 5 1 10 2 6 4 | Length: 36.22617373698472] [ Tour: 1 9 8 4 0 3 7 11 10 2 6 5 | Length: 32.14213562373095] [ Tour: 3 11 8 4 0 1 5 9 10 2 6 7 | Length: 32.14213562373095] [ Tour: 4 0 3 7 11 9 5 1 10 2 6 8 | Length: 35.012581805104034] [ Tour: 5 1 0 4 8 11 7 3 10 2 6 9 | Length: 32.23619249411002] [ Tour: 11 7 3 0 4 8 9 5 1 2 6 10 | Length: 31.313708498984766] [ Tour: 7 3 0 4 8 9 5 1 10 2 6 11 | Length: 32.23619249411002]) >[2], 0.005
Compare TSP_111([ Tour: 4 8 9 5 1 2 6 10 11 3 7 0 | Length: 31.810684591656077] [ Tour: 5 9 2 6 10 8 4 0 11 3 7 1 | Length: 36.22617373698473] [ Tour: 6 10 9 5 1 0 4 8 11 3 7 2 | Length: 31.810684591656077] [ Tour: 2 6 10 9 5 1 0 4 8 11 7 3 | Length: 31.313708498984766] [ Tour: 0 8 9 5 1 2 6 10 11 3 7 4 | Length: 32.14213562373095] [ Tour: 1 9 2 6 10 8 4 0 11 3 7 5 | Length: 36.22617373698472] [ Tour: 2 10 9 5 1 0 4 8 11 3 7 6 | Length: 32.14213562373095] [ Tour: 4 0 1 5 9 10 6 2 11 3 7 8 | Length: 32.23619249411002] [ Tour: 5 1 2 6 10 8 4 0 11 3 7 9 | Length: 35.012581805104034] [ Tour: 6 2 9 5 1 0 4 8 11 3 7 10 | Length: 32.23619249411002] [ Tour: 10 6 2 1 5 9 8 4 0 3 7 11 | Length: 31.313708498984766]) >[2], 0.005
Compare TSP_123([ Tour: 4 8 11 7 3 10 6 2 1 5 9 0 | Length: 32.08403811325377] [ Tour: 5 0 4 8 11 7 3 2 6 10 9 1 | Length: 31.81068459165608] [ Tour: 6 10 11 7 3 8 4 0 1 5 9 2 | Length: 32.08403811325377] [ Tour: 7 11 2 6 10 8 4 0 1 5 9 3 | Length: 35.012581805104034] [ Tour: 0 8 11 7 3 10 6 2 1 5 9 4 | Length: 32.23619249411002] [ Tour: 1 0 4 8 11 7 3 2 6 10 9 5 | Length: 31.313708498984766] [ Tour: 2 10 11 7 3 8 4 0 1 5 9 6 | Length: 32.23619249411002] [ Tour: 3 11 2 6 10 8 4 0 1 5 9 7 | Length: 35.01258180510403] [ Tour: 4 0 3 7 11 10 6 2 1 5 9 8 | Length: 31.313708498984763] [ Tour: 6 2 3 7 11 8 4 0 1 5 9 10 | Length: 31.313708498984763] [ Tour: 7 3 2 6 10 8 4 0 1 5 9 11 | Length: 33.798989873223334]) >[2], 0.005
Compare TSP_135([ Tour: 4 8 9 5 1 10 6 2 3 7 11 0 | Length: 32.08403811325377] [ Tour: 5 9 2 6 10 8 4 0 3 7 11 1 | Length: 35.012581805104034] [ Tour: 6 10 9 5 1 8 4 0 3 7 11 2 | Length: 32.08403811325377] [ Tour: 7 2 6 10 9 5 1 0 4 8 11 3 | Length: 31.81068459165608] [ Tour: 0 8 9 5 1 10 6 2 3 7 11 4 | Length: 32.23619249411002] [ Tour: 1 9 2 6 10 8 4 0 3 7 11 5 | Length: 35.01258180510403] [ Tour: 2 10 9 5 1 8 4 0 3 7 11 6 | Length: 32.23619249411002] [ Tour: 3 2 6 10 9 5 1 0 4 8 11 7 | Length: 31.313708498984766] [ Tour: 4 0 1 5 9 10 6 2 3 7 11 8 | Length: 31.313708498984763] [ Tour: 5 1 2 6 10 8 4 0 3 7 11 9 | Length: 33.798989873223334] [ Tour: 6 2 1 5 9 8 4 0 3 7 11 10 | Length: 31.313708498984763]) >[2], 0.004
TSP_157([[D@3ec35868 [10, 9] [0, 1, 2, 3, 4, 5, 6, 7, 8, 11]) >[147], 1519.319
TSP_155([[D@3ec35868 [10, 7] [0, 1, 2, 3, 4, 5, 6, 8, 9, 11]) >[147], 1629.992
TSP_158([[D@3ec35868 [10, 11] [0, 1, 2, 3, 4, 5, 6, 7, 8, 9]) >[147], 1381.078
Compare TSP_147([ Tour: 4 8 3 7 11 9 5 1 2 6 10 0 | Length: 35.012581805104034] [ Tour: 5 9 8 4 0 11 7 3 2 6 10 1 | Length: 32.08403811325377] [ Tour: 6 3 7 11 8 4 0 1 5 9 10 2 | Length: 31.81068459165608] [ Tour: 7 11 8 4 0 9 5 1 2 6 10 3 | Length: 32.08403811325377] [ Tour: 0 8 3 7 11 9 5 1 2 6 10 4 | Length: 35.01258180510403] [ Tour: 1 9 8 4 0 11 7 3 2 6 10 5 | Length: 32.23619249411002] [ Tour: 2 3 7 11 8 4 0 1 5 9 10 6 | Length: 31.313708498984766] [ Tour: 3 11 8 4 0 9 5 1 2 6 10 7 | Length: 32.23619249411002] [ Tour: 4 0 3 7 11 9 5 1 2 6 10 8 | Length: 33.798989873223334] [ Tour: 5 1 0 4 8 11 7 3 2 6 10 9 | Length: 31.313708498984763] [ Tour: 7 3 0 4 8 9 5 1 2 6 10 11 | Length: 31.313708498984763]) >[2], 0.004
Compare TSP_2([ Tour: 5 9 10 6 2 3 7 11 8 4 0 1 | Length: 31.313708498984763] [ Tour: 4 8 11 7 3 2 6 10 9 5 1 0 | Length: 31.313708498984763] [ Tour: 5 9 8 4 0 3 7 11 10 6 2 1 | Length: 31.313708498984763] [ Tour: 4 8 9 5 1 2 6 10 11 7 3 0 | Length: 31.313708498984763] [ Tour: 3 7 11 10 6 2 1 5 9 8 4 0 | Length: 31.313708498984766] [ Tour: 0 4 8 11 7 3 2 6 10 9 5 1 | Length: 31.313708498984766] [ Tour: 5 9 8 4 0 3 7 11 10 2 6 1 | Length: 31.810684591656077] [ Tour: 4 8 9 5 1 2 6 10 11 3 7 0 | Length: 31.810684591656077] [ Tour: 4 3 7 11 10 6 2 1 5 9 8 0 | Length: 31.81068459165608] [ Tour: 5 0 4 8 11 7 3 2 6 10 9 1 | Length: 31.81068459165608] [ Tour: 5 9 8 4 0 11 7 3 2 6 10 1 | Length: 32.08403811325377] [ Tour: 4 8 9 5 1 10 6 2 3 7 11 0 | Length: 32.08403811325377]) >[0], 0.005
Client Total,60177.391

