Component, Time (ms)
TSP_1([[D@7aee64f1 [] [0, 1, 2, 3, 4, 5, 6, 7, 8, 9, 10, 11]) >[0], 2.109
TSP_3([[D@4320e76d [0] [1, 2, 3, 4, 5, 6, 7, 8, 9, 10, 11]) >[2], 0.258
TSP_4([[D@4320e76d [1] [0, 2, 3, 4, 5, 6, 7, 8, 9, 10, 11]) >[2], 0.275
TSP_5([[D@4320e76d [2] [0, 1, 3, 4, 5, 6, 7, 8, 9, 10, 11]) >[2], 0.272
TSP_6([[D@4320e76d [3] [0, 1, 2, 4, 5, 6, 7, 8, 9, 10, 11]) >[2], 0.264
TSP_7([[D@4320e76d [4] [0, 1, 2, 3, 5, 6, 7, 8, 9, 10, 11]) >[2], 0.233
TSP_8([[D@4320e76d [5] [0, 1, 2, 3, 4, 6, 7, 8, 9, 10, 11]) >[2], 0.259
TSP_9([[D@4320e76d [6] [0, 1, 2, 3, 4, 5, 7, 8, 9, 10, 11]) >[2], 0.23
TSP_10([[D@4320e76d [7] [0, 1, 2, 3, 4, 5, 6, 8, 9, 10, 11]) >[2], 0.234
TSP_11([[D@4320e76d [8] [0, 1, 2, 3, 4, 5, 6, 7, 9, 10, 11]) >[2], 0.456
TSP_12([[D@4320e76d [9] [0, 1, 2, 3, 4, 5, 6, 7, 8, 10, 11]) >[2], 0.25
TSP_13([[D@4320e76d [10] [0, 1, 2, 3, 4, 5, 6, 7, 8, 9, 11]) >[2], 0.235
TSP_14([[D@4320e76d [11] [0, 1, 2, 3, 4, 5, 6, 7, 8, 9, 10]) >[2], 0.267
TSP_16([[D@55cdaad2 [0, 1] [2, 3, 4, 5, 6, 7, 8, 9, 10, 11]) >[15], 1501.513
TSP_17([[D@55cdaad2 [0, 2] [1, 3, 4, 5, 6, 7, 8, 9, 10, 11]) >[15], 948.146
TSP_18([[D@55cdaad2 [0, 3] [1, 2, 4, 5, 6, 7, 8, 9, 10, 11]) >[15], 625.384
TSP_19([[D@55cdaad2 [0, 4] [1, 2, 3, 5, 6, 7, 8, 9, 10, 11]) >[15], 649.776
TSP_20([[D@55cdaad2 [0, 5] [1, 2, 3, 4, 6, 7, 8, 9, 10, 11]) >[15], 665.978
TSP_21([[D@55cdaad2 [0, 6] [1, 2, 3, 4, 5, 7, 8, 9, 10, 11]) >[15], 715.151
TSP_22([[D@55cdaad2 [0, 7] [1, 2, 3, 4, 5, 6, 8, 9, 10, 11]) >[15], 632.818
TSP_23([[D@55cdaad2 [0, 8] [1, 2, 3, 4, 5, 6, 7, 9, 10, 11]) >[15], 724.131
TSP_24([[D@55cdaad2 [0, 9] [1, 2, 3, 4, 5, 6, 7, 8, 10, 11]) >[15], 776.582
TSP_25([[D@55cdaad2 [0, 10] [1, 2, 3, 4, 5, 6, 7, 8, 9, 11]) >[15], 673.693
TSP_26([[D@55cdaad2 [0, 11] [1, 2, 3, 4, 5, 6, 7, 8, 9, 10]) >[15], 671.644
TSP_28([[D@3f757322 [1, 0] [2, 3, 4, 5, 6, 7, 8, 9, 10, 11]) >[27], 987.561
TSP_29([[D@3f757322 [1, 2] [0, 3, 4, 5, 6, 7, 8, 9, 10, 11]) >[27], 955.032
TSP_30([[D@3f757322 [1, 3] [0, 2, 4, 5, 6, 7, 8, 9, 10, 11]) >[27], 729.135
TSP_31([[D@3f757322 [1, 4] [0, 2, 3, 5, 6, 7, 8, 9, 10, 11]) >[27], 876.808
TSP_32([[D@3f757322 [1, 5] [0, 2, 3, 4, 6, 7, 8, 9, 10, 11]) >[27], 898.146
TSP_33([[D@3f757322 [1, 6] [0, 2, 3, 4, 5, 7, 8, 9, 10, 11]) >[27], 1064.217
TSP_34([[D@3f757322 [1, 7] [0, 2, 3, 4, 5, 6, 8, 9, 10, 11]) >[27], 878.034
TSP_35([[D@3f757322 [1, 8] [0, 2, 3, 4, 5, 6, 7, 9, 10, 11]) >[27], 683.171
TSP_36([[D@3f757322 [1, 9] [0, 2, 3, 4, 5, 6, 7, 8, 10, 11]) >[27], 661.303
TSP_37([[D@3f757322 [1, 10] [0, 2, 3, 4, 5, 6, 7, 8, 9, 11]) >[27], 690.508
TSP_38([[D@3f757322 [1, 11] [0, 2, 3, 4, 5, 6, 7, 8, 9, 10]) >[27], 797.044
TSP_40([[D@6242d05e [2, 0] [1, 3, 4, 5, 6, 7, 8, 9, 10, 11]) >[39], 997.303
TSP_41([[D@6242d05e [2, 1] [0, 3, 4, 5, 6, 7, 8, 9, 10, 11]) >[39], 1020.218
TSP_42([[D@6242d05e [2, 3] [0, 1, 4, 5, 6, 7, 8, 9, 10, 11]) >[39], 942.203
TSP_43([[D@6242d05e [2, 4] [0, 1, 3, 5, 6, 7, 8, 9, 10, 11]) >[39], 1164.466
TSP_44([[D@6242d05e [2, 5] [0, 1, 3, 4, 6, 7, 8, 9, 10, 11]) >[39], 1130.519
TSP_45([[D@6242d05e [2, 6] [0, 1, 3, 4, 5, 7, 8, 9, 10, 11]) >[39], 1050.749
TSP_46([[D@6242d05e [2, 7] [0, 1, 3, 4, 5, 6, 8, 9, 10, 11]) >[39], 1144.619
TSP_47([[D@6242d05e [2, 8] [0, 1, 3, 4, 5, 6, 7, 9, 10, 11]) >[39], 1050.336
TSP_48([[D@6242d05e [2, 9] [0, 1, 3, 4, 5, 6, 7, 8, 10, 11]) >[39], 1397.63
TSP_49([[D@6242d05e [2, 10] [0, 1, 3, 4, 5, 6, 7, 8, 9, 11]) >[39], 1466.413
TSP_50([[D@6242d05e [2, 11] [0, 1, 3, 4, 5, 6, 7, 8, 9, 10]) >[39], 1208.526
TSP_52([[D@3738aae1 [3, 0] [1, 2, 4, 5, 6, 7, 8, 9, 10, 11]) >[51], 1391.237
TSP_53([[D@3738aae1 [3, 1] [0, 2, 4, 5, 6, 7, 8, 9, 10, 11]) >[51], 1081.01
TSP_54([[D@3738aae1 [3, 2] [0, 1, 4, 5, 6, 7, 8, 9, 10, 11]) >[51], 1236.29
TSP_55([[D@3738aae1 [3, 4] [0, 1, 2, 5, 6, 7, 8, 9, 10, 11]) >[51], 898.438
TSP_56([[D@3738aae1 [3, 5] [0, 1, 2, 4, 6, 7, 8, 9, 10, 11]) >[51], 1262.834
TSP_57([[D@3738aae1 [3, 6] [0, 1, 2, 4, 5, 7, 8, 9, 10, 11]) >[51], 963.441
TSP_58([[D@3738aae1 [3, 7] [0, 1, 2, 4, 5, 6, 8, 9, 10, 11]) >[51], 763.271
TSP_59([[D@3738aae1 [3, 8] [0, 1, 2, 4, 5, 6, 7, 9, 10, 11]) >[51], 731.741
TSP_60([[D@3738aae1 [3, 9] [0, 1, 2, 4, 5, 6, 7, 8, 10, 11]) >[51], 781.474
TSP_61([[D@3738aae1 [3, 10] [0, 1, 2, 4, 5, 6, 7, 8, 9, 11]) >[51], 709.223
TSP_62([[D@3738aae1 [3, 11] [0, 1, 2, 4, 5, 6, 7, 8, 9, 10]) >[51], 836.131
TSP_64([[D@236a2ae6 [4, 0] [1, 2, 3, 5, 6, 7, 8, 9, 10, 11]) >[63], 1066.283
TSP_65([[D@236a2ae6 [4, 1] [0, 2, 3, 5, 6, 7, 8, 9, 10, 11]) >[63], 1011.907
TSP_66([[D@236a2ae6 [4, 2] [0, 1, 3, 5, 6, 7, 8, 9, 10, 11]) >[63], 934.365
TSP_67([[D@236a2ae6 [4, 3] [0, 1, 2, 5, 6, 7, 8, 9, 10, 11]) >[63], 849.523
TSP_68([[D@236a2ae6 [4, 5] [0, 1, 2, 3, 6, 7, 8, 9, 10, 11]) >[63], 895.774
TSP_69([[D@236a2ae6 [4, 6] [0, 1, 2, 3, 5, 7, 8, 9, 10, 11]) >[63], 713.843
TSP_70([[D@236a2ae6 [4, 7] [0, 1, 2, 3, 5, 6, 8, 9, 10, 11]) >[63], 759.925
TSP_71([[D@236a2ae6 [4, 8] [0, 1, 2, 3, 5, 6, 7, 9, 10, 11]) >[63], 1279.903
TSP_72([[D@236a2ae6 [4, 9] [0, 1, 2, 3, 5, 6, 7, 8, 10, 11]) >[63], 1065.814
TSP_73([[D@236a2ae6 [4, 10] [0, 1, 2, 3, 5, 6, 7, 8, 9, 11]) >[63], 1037.01
TSP_74([[D@236a2ae6 [4, 11] [0, 1, 2, 3, 5, 6, 7, 8, 9, 10]) >[63], 1011.506
TSP_76([[D@41785b00 [5, 0] [1, 2, 3, 4, 6, 7, 8, 9, 10, 11]) >[75], 944.734
TSP_77([[D@41785b00 [5, 1] [0, 2, 3, 4, 6, 7, 8, 9, 10, 11]) >[75], 701.436
TSP_78([[D@41785b00 [5, 2] [0, 1, 3, 4, 6, 7, 8, 9, 10, 11]) >[75], 887.202
TSP_79([[D@41785b00 [5, 3] [0, 1, 2, 4, 6, 7, 8, 9, 10, 11]) >[75], 1249.207
TSP_80([[D@41785b00 [5, 4] [0, 1, 2, 3, 6, 7, 8, 9, 10, 11]) >[75], 933.876
TSP_81([[D@41785b00 [5, 6] [0, 1, 2, 3, 4, 7, 8, 9, 10, 11]) >[75], 772.757
TSP_82([[D@41785b00 [5, 7] [0, 1, 2, 3, 4, 6, 8, 9, 10, 11]) >[75], 826.415
TSP_83([[D@41785b00 [5, 8] [0, 1, 2, 3, 4, 6, 7, 9, 10, 11]) >[75], 1044.944
TSP_84([[D@41785b00 [5, 9] [0, 1, 2, 3, 4, 6, 7, 8, 10, 11]) >[75], 1090.715
TSP_85([[D@41785b00 [5, 10] [0, 1, 2, 3, 4, 6, 7, 8, 9, 11]) >[75], 1129.017
TSP_86([[D@41785b00 [5, 11] [0, 1, 2, 3, 4, 6, 7, 8, 9, 10]) >[75], 836.661
TSP_88([[D@4a1b4407 [6, 0] [1, 2, 3, 4, 5, 7, 8, 9, 10, 11]) >[87], 1426.776
TSP_89([[D@4a1b4407 [6, 1] [0, 2, 3, 4, 5, 7, 8, 9, 10, 11]) >[87], 1132.942
TSP_90([[D@4a1b4407 [6, 2] [0, 1, 3, 4, 5, 7, 8, 9, 10, 11]) >[87], 981.182
TSP_91([[D@4a1b4407 [6, 3] [0, 1, 2, 4, 5, 7, 8, 9, 10, 11]) >[87], 697.994
TSP_92([[D@4a1b4407 [6, 4] [0, 1, 2, 3, 5, 7, 8, 9, 10, 11]) >[87], 750.359
TSP_93([[D@4a1b4407 [6, 5] [0, 1, 2, 3, 4, 7, 8, 9, 10, 11]) >[87], 847.746
TSP_94([[D@4a1b4407 [6, 7] [0, 1, 2, 3, 4, 5, 8, 9, 10, 11]) >[87], 1195.466
TSP_95([[D@4a1b4407 [6, 8] [0, 1, 2, 3, 4, 5, 7, 9, 10, 11]) >[87], 996.048
TSP_96([[D@4a1b4407 [6, 9] [0, 1, 2, 3, 4, 5, 7, 8, 10, 11]) >[87], 814.598
TSP_97([[D@4a1b4407 [6, 10] [0, 1, 2, 3, 4, 5, 7, 8, 9, 11]) >[87], 965.935
TSP_98([[D@4a1b4407 [6, 11] [0, 1, 2, 3, 4, 5, 7, 8, 9, 10]) >[87], 907.171
TSP_100([[D@284bd160 [7, 0] [1, 2, 3, 4, 5, 6, 8, 9, 10, 11]) >[99], 796.222
TSP_101([[D@284bd160 [7, 1] [0, 2, 3, 4, 5, 6, 8, 9, 10, 11]) >[99], 720.891
TSP_102([[D@284bd160 [7, 2] [0, 1, 3, 4, 5, 6, 8, 9, 10, 11]) >[99], 784.259
TSP_103([[D@284bd160 [7, 3] [0, 1, 2, 4, 5, 6, 8, 9, 10, 11]) >[99], 848.192
TSP_104([[D@284bd160 [7, 4] [0, 1, 2, 3, 5, 6, 8, 9, 10, 11]) >[99], 823.22
TSP_105([[D@284bd160 [7, 5] [0, 1, 2, 3, 4, 6, 8, 9, 10, 11]) >[99], 829.516
TSP_106([[D@284bd160 [7, 6] [0, 1, 2, 3, 4, 5, 8, 9, 10, 11]) >[99], 854.535
TSP_107([[D@284bd160 [7, 8] [0, 1, 2, 3, 4, 5, 6, 9, 10, 11]) >[99], 802.803
TSP_108([[D@284bd160 [7, 9] [0, 1, 2, 3, 4, 5, 6, 8, 10, 11]) >[99], 747.252
TSP_109([[D@284bd160 [7, 10] [0, 1, 2, 3, 4, 5, 6, 8, 9, 11]) >[99], 863.904
TSP_110([[D@284bd160 [7, 11] [0, 1, 2, 3, 4, 5, 6, 8, 9, 10]) >[99], 968.057
TSP_112([[D@5203e0c6 [8, 0] [1, 2, 3, 4, 5, 6, 7, 9, 10, 11]) >[111], 802.602
TSP_113([[D@5203e0c6 [8, 1] [0, 2, 3, 4, 5, 6, 7, 9, 10, 11]) >[111], 717.797
TSP_114([[D@5203e0c6 [8, 2] [0, 1, 3, 4, 5, 6, 7, 9, 10, 11]) >[111], 724.695
TSP_115([[D@5203e0c6 [8, 3] [0, 1, 2, 4, 5, 6, 7, 9, 10, 11]) >[111], 712.712
TSP_116([[D@5203e0c6 [8, 4] [0, 1, 2, 3, 5, 6, 7, 9, 10, 11]) >[111], 719.583
TSP_117([[D@5203e0c6 [8, 5] [0, 1, 2, 3, 4, 6, 7, 9, 10, 11]) >[111], 724.403
TSP_118([[D@5203e0c6 [8, 6] [0, 1, 2, 3, 4, 5, 7, 9, 10, 11]) >[111], 748.958
TSP_119([[D@5203e0c6 [8, 7] [0, 1, 2, 3, 4, 5, 6, 9, 10, 11]) >[111], 701.72
TSP_120([[D@5203e0c6 [8, 9] [0, 1, 2, 3, 4, 5, 6, 7, 10, 11]) >[111], 764.124
TSP_121([[D@5203e0c6 [8, 10] [0, 1, 2, 3, 4, 5, 6, 7, 9, 11]) >[111], 756.193
TSP_122([[D@5203e0c6 [8, 11] [0, 1, 2, 3, 4, 5, 6, 7, 9, 10]) >[111], 761.183
TSP_124([[D@353d9906 [9, 0] [1, 2, 3, 4, 5, 6, 7, 8, 10, 11]) >[123], 707.312
TSP_125([[D@353d9906 [9, 1] [0, 2, 3, 4, 5, 6, 7, 8, 10, 11]) >[123], 675.972
TSP_126([[D@353d9906 [9, 2] [0, 1, 3, 4, 5, 6, 7, 8, 10, 11]) >[123], 723.431
TSP_127([[D@353d9906 [9, 3] [0, 1, 2, 4, 5, 6, 7, 8, 10, 11]) >[123], 709.603
TSP_128([[D@353d9906 [9, 4] [0, 1, 2, 3, 5, 6, 7, 8, 10, 11]) >[123], 767.26
TSP_129([[D@353d9906 [9, 5] [0, 1, 2, 3, 4, 6, 7, 8, 10, 11]) >[123], 816.087
TSP_130([[D@353d9906 [9, 6] [0, 1, 2, 3, 4, 5, 7, 8, 10, 11]) >[123], 699.278
TSP_131([[D@353d9906 [9, 7] [0, 1, 2, 3, 4, 5, 6, 8, 10, 11]) >[123], 724.206
TSP_132([[D@353d9906 [9, 8] [0, 1, 2, 3, 4, 5, 6, 7, 10, 11]) >[123], 724.848
TSP_133([[D@353d9906 [9, 10] [0, 1, 2, 3, 4, 5, 6, 7, 8, 11]) >[123], 729.946
TSP_134([[D@353d9906 [9, 11] [0, 1, 2, 3, 4, 5, 6, 7, 8, 10]) >[123], 774.831
TSP_136([[D@102e6640 [10, 0] [1, 2, 3, 4, 5, 6, 7, 8, 9, 11]) >[135], 765.084
TSP_137([[D@102e6640 [10, 1] [0, 2, 3, 4, 5, 6, 7, 8, 9, 11]) >[135], 682.998
TSP_138([[D@102e6640 [10, 2] [0, 1, 3, 4, 5, 6, 7, 8, 9, 11]) >[135], 705.748
TSP_139([[D@102e6640 [10, 3] [0, 1, 2, 4, 5, 6, 7, 8, 9, 11]) >[135], 686.457
TSP_140([[D@102e6640 [10, 4] [0, 1, 2, 3, 5, 6, 7, 8, 9, 11]) >[135], 710.232
TSP_141([[D@102e6640 [10, 5] [0, 1, 2, 3, 4, 6, 7, 8, 9, 11]) >[135], 725.266
TSP_142([[D@102e6640 [10, 6] [0, 1, 2, 3, 4, 5, 7, 8, 9, 11]) >[135], 711.695
TSP_143([[D@102e6640 [10, 7] [0, 1, 2, 3, 4, 5, 6, 8, 9, 11]) >[135], 750.8
TSP_144([[D@102e6640 [10, 8] [0, 1, 2, 3, 4, 5, 6, 7, 9, 11]) >[135], 726.823
TSP_145([[D@102e6640 [10, 9] [0, 1, 2, 3, 4, 5, 6, 7, 8, 11]) >[135], 789.886
TSP_146([[D@102e6640 [10, 11] [0, 1, 2, 3, 4, 5, 6, 7, 8, 9]) >[135], 684.283
TSP_148([[D@7d869bc7 [11, 0] [1, 2, 3, 4, 5, 6, 7, 8, 9, 10]) >[147], 742.752
TSP_149([[D@7d869bc7 [11, 1] [0, 2, 3, 4, 5, 6, 7, 8, 9, 10]) >[147], 842.177
TSP_150([[D@7d869bc7 [11, 2] [0, 1, 3, 4, 5, 6, 7, 8, 9, 10]) >[147], 856.561
TSP_151([[D@7d869bc7 [11, 3] [0, 1, 2, 4, 5, 6, 7, 8, 9, 10]) >[147], 1138.12
TSP_152([[D@7d869bc7 [11, 4] [0, 1, 2, 3, 5, 6, 7, 8, 9, 10]) >[147], 849.86
TSP_153([[D@7d869bc7 [11, 5] [0, 1, 2, 3, 4, 6, 7, 8, 9, 10]) >[147], 757.743
TSP_154([[D@7d869bc7 [11, 6] [0, 1, 2, 3, 4, 5, 7, 8, 9, 10]) >[147], 760.261
TSP_155([[D@7d869bc7 [11, 7] [0, 1, 2, 3, 4, 5, 6, 8, 9, 10]) >[147], 727.649
TSP_156([[D@7d869bc7 [11, 8] [0, 1, 2, 3, 4, 5, 6, 7, 9, 10]) >[147], 722.967
TSP_157([[D@7d869bc7 [11, 9] [0, 1, 2, 3, 4, 5, 6, 7, 8, 10]) >[147], 725.326
TSP_158([[D@7d869bc7 [11, 10] [0, 1, 2, 3, 4, 5, 6, 7, 8, 9]) >[147], 775.992
Compare TSP_15([ Tour: 5 9 10 6 2 3 7 11 8 4 0 1 | Length: 31.313708498984763] [ Tour: 6 10 3 7 11 9 5 1 8 4 0 2 | Length: 36.22617373698473] [ Tour: 7 11 10 6 2 1 5 9 8 4 0 3 | Length: 31.313708498984763] [ Tour: 8 11 7 3 2 6 10 9 5 1 0 4 | Length: 31.313708498984763] [ Tour: 1 9 10 6 2 3 7 11 8 4 0 5 | Length: 31.810684591656077] [ Tour: 2 10 3 7 11 9 5 1 8 4 0 6 | Length: 36.22617373698472] [ Tour: 3 11 10 6 2 1 5 9 8 4 0 7 | Length: 31.810684591656077] [ Tour: 11 7 3 2 6 10 9 5 1 4 0 8 | Length: 31.81068459165608] [ Tour: 5 1 2 6 10 11 7 3 8 4 0 9 | Length: 32.08403811325377] [ Tour: 6 2 3 7 11 9 5 1 8 4 0 10 | Length: 35.012581805104034] [ Tour: 7 3 10 6 2 1 5 9 8 4 0 11 | Length: 32.08403811325377]) >[2], 0.041
Compare TSP_27([ Tour: 4 8 11 7 3 2 6 10 9 5 1 0 | Length: 31.313708498984763] [ Tour: 6 10 11 7 3 0 4 8 9 5 1 2 | Length: 31.313708498984763] [ Tour: 7 11 2 6 10 8 4 0 9 5 1 3 | Length: 36.22617373698473] [ Tour: 0 8 11 7 3 2 6 10 9 5 1 4 | Length: 31.810684591656077] [ Tour: 9 8 4 0 3 7 11 10 6 2 1 5 | Length: 31.313708498984763] [ Tour: 2 10 11 7 3 0 4 8 9 5 1 6 | Length: 31.810684591656077] [ Tour: 3 11 2 6 10 8 4 0 9 5 1 7 | Length: 36.22617373698472] [ Tour: 4 0 11 7 3 2 6 10 9 5 1 8 | Length: 32.08403811325377] [ Tour: 8 4 0 3 7 11 10 6 2 5 1 9 | Length: 31.81068459165608] [ Tour: 6 2 11 7 3 0 4 8 9 5 1 10 | Length: 32.08403811325377] [ Tour: 7 3 2 6 10 8 4 0 9 5 1 11 | Length: 35.012581805104034]) >[2], 0.004
Compare TSP_39([ Tour: 4 8 3 7 11 9 5 1 10 6 2 0 | Length: 36.22617373698473] [ Tour: 5 9 8 4 0 3 7 11 10 6 2 1 | Length: 31.313708498984763] [ Tour: 7 11 8 4 0 1 5 9 10 6 2 3 | Length: 31.313708498984763] [ Tour: 0 8 3 7 11 9 5 1 10 6 2 4 | Length: 36.22617373698472] [ Tour: 1 9 8 4 0 3 7 11 10 6 2 5 | Length: 31.810684591656077] [ Tour: 10 11 7 3 0 4 8 9 5 1 2 6 | Length: 31.313708498984763] [ Tour: 3 11 8 4 0 1 5 9 10 6 2 7 | Length: 31.810684591656077] [ Tour: 4 0 3 7 11 9 5 1 10 6 2 8 | Length: 35.012581805104034] [ Tour: 5 1 0 4 8 11 7 3 10 6 2 9 | Length: 32.08403811325377] [ Tour: 11 7 3 0 4 8 9 5 1 6 2 10 | Length: 31.81068459165608] [ Tour: 7 3 0 4 8 9 5 1 10 6 2 11 | Length: 32.08403811325377]) >[2], 0.004
Compare TSP_51([ Tour: 4 8 9 5 1 2 6 10 11 7 3 0 | Length: 31.313708498984763] [ Tour: 5 9 2 6 10 8 4 0 11 7 3 1 | Length: 36.22617373698473] [ Tour: 6 10 9 5 1 0 4 8 11 7 3 2 | Length: 31.313708498984763] [ Tour: 0 8 9 5 1 2 6 10 11 7 3 4 | Length: 31.810684591656077] [ Tour: 1 9 2 6 10 8 4 0 11 7 3 5 | Length: 36.22617373698472] [ Tour: 2 10 9 5 1 0 4 8 11 7 3 6 | Length: 31.810684591656077] [ Tour: 11 10 6 2 1 5 9 8 4 0 3 7 | Length: 31.313708498984763] [ Tour: 4 0 1 5 9 10 6 2 11 7 3 8 | Length: 32.08403811325377] [ Tour: 5 1 2 6 10 8 4 0 11 7 3 9 | Length: 35.012581805104034] [ Tour: 6 2 9 5 1 0 4 8 11 7 3 10 | Length: 32.08403811325377] [ Tour: 10 6 2 1 5 9 8 4 0 7 3 11 | Length: 31.81068459165608]) >[2], 0.005
Compare TSP_63([ Tour: 3 7 11 10 6 2 1 5 9 8 4 0 | Length: 31.313708498984766] [ Tour: 5 9 10 6 2 3 7 11 8 0 4 1 | Length: 31.810684591656077] [ Tour: 6 10 3 7 11 9 5 1 8 0 4 2 | Length: 36.22617373698473] [ Tour: 7 11 10 6 2 1 5 9 8 0 4 3 | Length: 31.810684591656077] [ Tour: 1 9 10 6 2 3 7 11 8 0 4 5 | Length: 32.14213562373095] [ Tour: 2 10 3 7 11 9 5 1 8 0 4 6 | Length: 36.22617373698472] [ Tour: 3 11 10 6 2 1 5 9 8 0 4 7 | Length: 32.14213562373095] [ Tour: 11 7 3 2 6 10 9 5 1 0 4 8 | Length: 31.313708498984766] [ Tour: 5 1 2 6 10 11 7 3 8 0 4 9 | Length: 32.23619249411002] [ Tour: 6 2 3 7 11 9 5 1 8 0 4 10 | Length: 35.012581805104034] [ Tour: 7 3 10 6 2 1 5 9 8 0 4 11 | Length: 32.23619249411002]) >[2], 0.006
Compare TSP_75([ Tour: 4 8 11 7 3 2 6 10 9 1 5 0 | Length: 31.810684591656077] [ Tour: 0 4 8 11 7 3 2 6 10 9 5 1 | Length: 31.313708498984766] [ Tour: 6 10 11 7 3 0 4 8 9 1 5 2 | Length: 31.810684591656077] [ Tour: 7 11 2 6 10 8 4 0 9 1 5 3 | Length: 36.22617373698473] [ Tour: 0 8 11 7 3 2 6 10 9 1 5 4 | Length: 32.14213562373095] [ Tour: 2 10 11 7 3 0 4 8 9 1 5 6 | Length: 32.14213562373095] [ Tour: 3 11 2 6 10 8 4 0 9 1 5 7 | Length: 36.22617373698472] [ Tour: 4 0 11 7 3 2 6 10 9 1 5 8 | Length: 32.23619249411002] [ Tour: 8 4 0 3 7 11 10 6 2 1 5 9 | Length: 31.313708498984766] [ Tour: 6 2 11 7 3 0 4 8 9 1 5 10 | Length: 32.23619249411002] [ Tour: 7 3 2 6 10 8 4 0 9 1 5 11 | Length: 35.012581805104034]) >[2], 0.004
Compare TSP_87([ Tour: 4 8 3 7 11 9 5 1 10 2 6 0 | Length: 36.22617373698473] [ Tour: 5 9 8 4 0 3 7 11 10 2 6 1 | Length: 31.810684591656077] [ Tour: 3 7 11 8 4 0 1 5 9 10 6 2 | Length: 31.313708498984766] [ Tour: 7 11 8 4 0 1 5 9 10 2 6 3 | Length: 31.810684591656077] [ Tour: 0 8 3 7 11 9 5 1 10 2 6 4 | Length: 36.22617373698472] [ Tour: 1 9 8 4 0 3 7 11 10 2 6 5 | Length: 32.14213562373095] [ Tour: 3 11 8 4 0 1 5 9 10 2 6 7 | Length: 32.14213562373095] [ Tour: 4 0 3 7 11 9 5 1 10 2 6 8 | Length: 35.012581805104034] [ Tour: 5 1 0 4 8 11 7 3 10 2 6 9 | Length: 32.23619249411002] [ Tour: 11 7 3 0 4 8 9 5 1 2 6 10 | Length: 31.313708498984766] [ Tour: 7 3 0 4 8 9 5 1 10 2 6 11 | Length: 32.23619249411002]) >[2], 0.005
Compare TSP_99([ Tour: 4 8 9 5 1 2 6 10 11 3 7 0 | Length: 31.810684591656077] [ Tour: 5 9 2 6 10 8 4 0 11 3 7 1 | Length: 36.22617373698473] [ Tour: 6 10 9 5 1 0 4 8 11 3 7 2 | Length: 31.810684591656077] [ Tour: 2 6 10 9 5 1 0 4 8 11 7 3 | Length: 31.313708498984766] [ Tour: 0 8 9 5 1 2 6 10 11 3 7 4 | Length: 32.14213562373095] [ Tour: 1 9 2 6 10 8 4 0 11 3 7 5 | Length: 36.22617373698472] [ Tour: 2 10 9 5 1 0 4 8 11 3 7 6 | Length: 32.14213562373095] [ Tour: 4 0 1 5 9 10 6 2 11 3 7 8 | Length: 32.23619249411002] [ Tour: 5 1 2 6 10 8 4 0 11 3 7 9 | Length: 35.012581805104034] [ Tour: 6 2 9 5 1 0 4 8 11 3 7 10 | Length: 32.23619249411002] [ Tour: 10 6 2 1 5 9 8 4 0 3 7 11 | Length: 31.313708498984766]) >[2], 0.004
Compare TSP_111([ Tour: 4 3 7 11 10 6 2 1 5 9 8 0 | Length: 31.81068459165608] [ Tour: 5 9 10 6 2 11 7 3 0 4 8 1 | Length: 32.08403811325377] [ Tour: 6 10 3 7 11 9 5 1 0 4 8 2 | Length: 35.012581805104034] [ Tour: 7 11 10 6 2 9 5 1 0 4 8 3 | Length: 32.08403811325377] [ Tour: 0 3 7 11 10 6 2 1 5 9 8 4 | Length: 31.313708498984766] [ Tour: 1 9 10 6 2 11 7 3 0 4 8 5 | Length: 32.23619249411002] [ Tour: 2 10 3 7 11 9 5 1 0 4 8 6 | Length: 35.01258180510403] [ Tour: 3 11 10 6 2 9 5 1 0 4 8 7 | Length: 32.23619249411002] [ Tour: 5 1 2 6 10 11 7 3 0 4 8 9 | Length: 31.313708498984763] [ Tour: 6 2 3 7 11 9 5 1 0 4 8 10 | Length: 33.798989873223334] [ Tour: 7 3 2 6 10 9 5 1 0 4 8 11 | Length: 31.313708498984763]) >[2], 0.004
Compare TSP_123([ Tour: 4 8 11 7 3 10 6 2 1 5 9 0 | Length: 32.08403811325377] [ Tour: 5 0 4 8 11 7 3 2 6 10 9 1 | Length: 31.81068459165608] [ Tour: 6 10 11 7 3 8 4 0 1 5 9 2 | Length: 32.08403811325377] [ Tour: 7 11 2 6 10 8 4 0 1 5 9 3 | Length: 35.012581805104034] [ Tour: 0 8 11 7 3 10 6 2 1 5 9 4 | Length: 32.23619249411002] [ Tour: 1 0 4 8 11 7 3 2 6 10 9 5 | Length: 31.313708498984766] [ Tour: 2 10 11 7 3 8 4 0 1 5 9 6 | Length: 32.23619249411002] [ Tour: 3 11 2 6 10 8 4 0 1 5 9 7 | Length: 35.01258180510403] [ Tour: 4 0 3 7 11 10 6 2 1 5 9 8 | Length: 31.313708498984763] [ Tour: 6 2 3 7 11 8 4 0 1 5 9 10 | Length: 31.313708498984763] [ Tour: 7 3 2 6 10 8 4 0 1 5 9 11 | Length: 33.798989873223334]) >[2], 0.004
Compare TSP_135([ Tour: 4 8 3 7 11 9 5 1 2 6 10 0 | Length: 35.012581805104034] [ Tour: 5 9 8 4 0 11 7 3 2 6 10 1 | Length: 32.08403811325377] [ Tour: 6 3 7 11 8 4 0 1 5 9 10 2 | Length: 31.81068459165608] [ Tour: 7 11 8 4 0 9 5 1 2 6 10 3 | Length: 32.08403811325377] [ Tour: 0 8 3 7 11 9 5 1 2 6 10 4 | Length: 35.01258180510403] [ Tour: 1 9 8 4 0 11 7 3 2 6 10 5 | Length: 32.23619249411002] [ Tour: 2 3 7 11 8 4 0 1 5 9 10 6 | Length: 31.313708498984766] [ Tour: 3 11 8 4 0 9 5 1 2 6 10 7 | Length: 32.23619249411002] [ Tour: 4 0 3 7 11 9 5 1 2 6 10 8 | Length: 33.798989873223334] [ Tour: 5 1 0 4 8 11 7 3 2 6 10 9 | Length: 31.313708498984763] [ Tour: 7 3 0 4 8 9 5 1 2 6 10 11 | Length: 31.313708498984763]) >[2], 0.006
Compare TSP_147([ Tour: 4 8 9 5 1 10 6 2 3 7 11 0 | Length: 32.08403811325377] [ Tour: 5 9 2 6 10 8 4 0 3 7 11 1 | Length: 35.012581805104034] [ Tour: 6 10 9 5 1 8 4 0 3 7 11 2 | Length: 32.08403811325377] [ Tour: 7 2 6 10 9 5 1 0 4 8 11 3 | Length: 31.81068459165608] [ Tour: 0 8 9 5 1 10 6 2 3 7 11 4 | Length: 32.23619249411002] [ Tour: 1 9 2 6 10 8 4 0 3 7 11 5 | Length: 35.01258180510403] [ Tour: 2 10 9 5 1 8 4 0 3 7 11 6 | Length: 32.23619249411002] [ Tour: 3 2 6 10 9 5 1 0 4 8 11 7 | Length: 31.313708498984766] [ Tour: 4 0 1 5 9 10 6 2 3 7 11 8 | Length: 31.313708498984763] [ Tour: 5 1 2 6 10 8 4 0 3 7 11 9 | Length: 33.798989873223334] [ Tour: 6 2 1 5 9 8 4 0 3 7 11 10 | Length: 31.313708498984763]) >[2], 0.006
Compare TSP_2([ Tour: 5 9 10 6 2 3 7 11 8 4 0 1 | Length: 31.313708498984763] [ Tour: 4 8 11 7 3 2 6 10 9 5 1 0 | Length: 31.313708498984763] [ Tour: 5 9 8 4 0 3 7 11 10 6 2 1 | Length: 31.313708498984763] [ Tour: 4 8 9 5 1 2 6 10 11 7 3 0 | Length: 31.313708498984763] [ Tour: 3 7 11 10 6 2 1 5 9 8 4 0 | Length: 31.313708498984766] [ Tour: 0 4 8 11 7 3 2 6 10 9 5 1 | Length: 31.313708498984766] [ Tour: 5 9 8 4 0 3 7 11 10 2 6 1 | Length: 31.810684591656077] [ Tour: 4 8 9 5 1 2 6 10 11 3 7 0 | Length: 31.810684591656077] [ Tour: 4 3 7 11 10 6 2 1 5 9 8 0 | Length: 31.81068459165608] [ Tour: 5 0 4 8 11 7 3 2 6 10 9 1 | Length: 31.81068459165608] [ Tour: 5 9 8 4 0 11 7 3 2 6 10 1 | Length: 32.08403811325377] [ Tour: 4 8 9 5 1 10 6 2 3 7 11 0 | Length: 32.08403811325377]) >[0], 0.006
Client Total,116442.032

