Component, Time (ms)
Task, Run Time (ms)
TSP_1([[D@14a78af0 [] [0, 1, 2, 3, 4, 5, 6, 7, 8, 9, 10, 11]) >[0], 4.568708
TSP_6([[D@4ee993e [3] [0, 1, 2, 4, 5, 6, 7, 8, 9, 10, 11]) >[2], 0.281841
TSP_3([[D@4ee993e [0] [1, 2, 3, 4, 5, 6, 7, 8, 9, 10, 11]) >[2], 3.278552
TSP_7([[D@4ee993e [4] [0, 1, 2, 3, 5, 6, 7, 8, 9, 10, 11]) >[2], 0.259258
TSP_5([[D@4ee993e [2] [0, 1, 3, 4, 5, 6, 7, 8, 9, 10, 11]) >[2], 4.560593
TSP_4([[D@4ee993e [1] [0, 2, 3, 4, 5, 6, 7, 8, 9, 10, 11]) >[2], 4.56693
TSP_8([[D@4ee993e [5] [0, 1, 2, 3, 4, 6, 7, 8, 9, 10, 11]) >[2], 0.145707
TSP_9([[D@4ee993e [6] [0, 1, 2, 3, 4, 5, 7, 8, 9, 10, 11]) >[2], 0.251963
TSP_11([[D@4ee993e [8] [0, 1, 2, 3, 4, 5, 6, 7, 9, 10, 11]) >[2], 0.283995
TSP_10([[D@4ee993e [7] [0, 1, 2, 3, 4, 5, 6, 8, 9, 10, 11]) >[2], 0.280729
TSP_12([[D@4ee993e [9] [0, 1, 2, 3, 4, 5, 6, 7, 8, 10, 11]) >[2], 0.144001
TSP_13([[D@4ee993e [10] [0, 1, 2, 3, 4, 5, 6, 7, 8, 9, 11]) >[2], 0.229981
TSP_14([[D@4ee993e [11] [0, 1, 2, 3, 4, 5, 6, 7, 8, 9, 10]) >[2], 0.265604
TSP_17([[D@5df0733a [3, 1] [0, 2, 4, 5, 6, 7, 8, 9, 10, 11]) >[15], 867.218214
TSP_16([[D@5df0733a [3, 0] [1, 2, 4, 5, 6, 7, 8, 9, 10, 11]) >[15], 1003.539514
TSP_18([[D@5df0733a [3, 2] [0, 1, 4, 5, 6, 7, 8, 9, 10, 11]) >[15], 1028.821915
TSP_19([[D@5df0733a [3, 4] [0, 1, 2, 5, 6, 7, 8, 9, 10, 11]) >[15], 1033.110539
TSP_20([[D@5df0733a [3, 5] [0, 1, 2, 4, 6, 7, 8, 9, 10, 11]) >[15], 734.517609
TSP_21([[D@5df0733a [3, 6] [0, 1, 2, 4, 5, 7, 8, 9, 10, 11]) >[15], 734.540858
TSP_23([[D@5df0733a [3, 8] [0, 1, 2, 4, 5, 6, 7, 9, 10, 11]) >[15], 768.71398
TSP_22([[D@5df0733a [3, 7] [0, 1, 2, 4, 5, 6, 8, 9, 10, 11]) >[15], 807.387904
TSP_24([[D@5df0733a [3, 9] [0, 1, 2, 4, 5, 6, 7, 8, 10, 11]) >[15], 493.741537
TSP_25([[D@5df0733a [3, 10] [0, 1, 2, 4, 5, 6, 7, 8, 9, 11]) >[15], 538.060684
TSP_28([[D@3e9f3364 [0, 1] [2, 3, 4, 5, 6, 7, 8, 9, 10, 11]) >[27], 544.217054
TSP_26([[D@5df0733a [3, 11] [0, 1, 2, 4, 5, 6, 7, 8, 9, 10]) >[15], 654.995623
TSP_29([[D@3e9f3364 [0, 2] [1, 3, 4, 5, 6, 7, 8, 9, 10, 11]) >[27], 507.261177
TSP_30([[D@3e9f3364 [0, 3] [1, 2, 4, 5, 6, 7, 8, 9, 10, 11]) >[27], 575.026623
TSP_31([[D@3e9f3364 [0, 4] [1, 2, 3, 5, 6, 7, 8, 9, 10, 11]) >[27], 705.2809
TSP_33([[D@3e9f3364 [0, 6] [1, 2, 3, 4, 5, 7, 8, 9, 10, 11]) >[27], 510.091066
TSP_32([[D@3e9f3364 [0, 5] [1, 2, 3, 4, 6, 7, 8, 9, 10, 11]) >[27], 676.215931
TSP_34([[D@3e9f3364 [0, 7] [1, 2, 3, 4, 5, 6, 8, 9, 10, 11]) >[27], 588.529888
TSP_36([[D@3e9f3364 [0, 9] [1, 2, 3, 4, 5, 6, 7, 8, 10, 11]) >[27], 502.933928
TSP_35([[D@3e9f3364 [0, 8] [1, 2, 3, 4, 5, 6, 7, 9, 10, 11]) >[27], 660.025637
TSP_37([[D@3e9f3364 [0, 10] [1, 2, 3, 4, 5, 6, 7, 8, 9, 11]) >[27], 810.040309
TSP_38([[D@3e9f3364 [0, 11] [1, 2, 3, 4, 5, 6, 7, 8, 9, 10]) >[27], 568.882589
TSP_40([[D@22157ace [4, 0] [1, 2, 3, 5, 6, 7, 8, 9, 10, 11]) >[39], 492.418424
TSP_41([[D@22157ace [4, 1] [0, 2, 3, 5, 6, 7, 8, 9, 10, 11]) >[39], 714.604922
TSP_43([[D@22157ace [4, 3] [0, 1, 2, 5, 6, 7, 8, 9, 10, 11]) >[39], 547.400345
TSP_44([[D@22157ace [4, 5] [0, 1, 2, 3, 6, 7, 8, 9, 10, 11]) >[39], 495.905557
TSP_42([[D@22157ace [4, 2] [0, 1, 3, 5, 6, 7, 8, 9, 10, 11]) >[39], 814.795831
TSP_46([[D@22157ace [4, 7] [0, 1, 2, 3, 5, 6, 8, 9, 10, 11]) >[39], 494.202488
TSP_47([[D@22157ace [4, 8] [0, 1, 2, 3, 5, 6, 7, 9, 10, 11]) >[39], 491.156912
TSP_45([[D@22157ace [4, 6] [0, 1, 2, 3, 5, 7, 8, 9, 10, 11]) >[39], 702.533064
TSP_48([[D@22157ace [4, 9] [0, 1, 2, 3, 5, 6, 7, 8, 10, 11]) >[39], 743.551367
TSP_50([[D@22157ace [4, 11] [0, 1, 2, 3, 5, 6, 7, 8, 9, 10]) >[39], 494.613881
TSP_49([[D@22157ace [4, 10] [0, 1, 2, 3, 5, 6, 7, 8, 9, 11]) >[39], 579.574736
TSP_52([[D@380a81fd [2, 0] [1, 3, 4, 5, 6, 7, 8, 9, 10, 11]) >[51], 617.65968
TSP_54([[D@380a81fd [2, 3] [0, 1, 4, 5, 6, 7, 8, 9, 10, 11]) >[51], 495.291608
TSP_55([[D@380a81fd [2, 4] [0, 1, 3, 5, 6, 7, 8, 9, 10, 11]) >[51], 589.291407
TSP_53([[D@380a81fd [2, 1] [0, 3, 4, 5, 6, 7, 8, 9, 10, 11]) >[51], 764.899148
TSP_56([[D@380a81fd [2, 5] [0, 1, 3, 4, 6, 7, 8, 9, 10, 11]) >[51], 633.360015
TSP_57([[D@380a81fd [2, 6] [0, 1, 3, 4, 5, 7, 8, 9, 10, 11]) >[51], 502.638785
TSP_58([[D@380a81fd [2, 7] [0, 1, 3, 4, 5, 6, 8, 9, 10, 11]) >[51], 559.376828
TSP_61([[D@380a81fd [2, 10] [0, 1, 3, 4, 5, 6, 7, 8, 9, 11]) >[51], 495.78593
TSP_59([[D@380a81fd [2, 8] [0, 1, 3, 4, 5, 6, 7, 9, 10, 11]) >[51], 818.418226
TSP_60([[D@380a81fd [2, 9] [0, 1, 3, 4, 5, 6, 7, 8, 10, 11]) >[51], 706.495959
TSP_62([[D@380a81fd [2, 11] [0, 1, 3, 4, 5, 6, 7, 8, 9, 10]) >[51], 493.664342
TSP_64([[D@39dc25c9 [1, 0] [2, 3, 4, 5, 6, 7, 8, 9, 10, 11]) >[63], 486.091971
TSP_67([[D@39dc25c9 [1, 4] [0, 2, 3, 5, 6, 7, 8, 9, 10, 11]) >[63], 491.057407
TSP_66([[D@39dc25c9 [1, 3] [0, 2, 4, 5, 6, 7, 8, 9, 10, 11]) >[63], 736.356441
TSP_65([[D@39dc25c9 [1, 2] [0, 3, 4, 5, 6, 7, 8, 9, 10, 11]) >[63], 794.982797
TSP_68([[D@39dc25c9 [1, 5] [0, 2, 3, 4, 6, 7, 8, 9, 10, 11]) >[63], 501.580975
TSP_69([[D@39dc25c9 [1, 6] [0, 2, 3, 4, 5, 7, 8, 9, 10, 11]) >[63], 590.478837
TSP_70([[D@39dc25c9 [1, 7] [0, 2, 3, 4, 5, 6, 8, 9, 10, 11]) >[63], 645.703497
TSP_72([[D@39dc25c9 [1, 9] [0, 2, 3, 4, 5, 6, 7, 8, 10, 11]) >[63], 496.756465
TSP_71([[D@39dc25c9 [1, 8] [0, 2, 3, 4, 5, 6, 7, 9, 10, 11]) >[63], 694.628888
TSP_73([[D@39dc25c9 [1, 10] [0, 2, 3, 4, 5, 6, 7, 8, 9, 11]) >[63], 563.215401
TSP_76([[D@2434cccc [5, 0] [1, 2, 3, 4, 6, 7, 8, 9, 10, 11]) >[75], 486.45459
TSP_74([[D@39dc25c9 [1, 11] [0, 2, 3, 4, 5, 6, 7, 8, 9, 10]) >[63], 577.643172
TSP_77([[D@2434cccc [5, 1] [0, 2, 3, 4, 6, 7, 8, 9, 10, 11]) >[75], 668.177175
TSP_78([[D@2434cccc [5, 2] [0, 1, 3, 4, 6, 7, 8, 9, 10, 11]) >[75], 565.406966
TSP_79([[D@2434cccc [5, 3] [0, 1, 2, 4, 6, 7, 8, 9, 10, 11]) >[75], 496.417307
TSP_80([[D@2434cccc [5, 4] [0, 1, 2, 3, 6, 7, 8, 9, 10, 11]) >[75], 757.724558
TSP_82([[D@2434cccc [5, 7] [0, 1, 2, 3, 4, 6, 8, 9, 10, 11]) >[75], 567.99348
TSP_83([[D@2434cccc [5, 8] [0, 1, 2, 3, 4, 6, 7, 9, 10, 11]) >[75], 489.380192
TSP_81([[D@2434cccc [5, 6] [0, 1, 2, 3, 4, 7, 8, 9, 10, 11]) >[75], 847.284517
TSP_84([[D@2434cccc [5, 9] [0, 1, 2, 3, 4, 6, 7, 8, 10, 11]) >[75], 680.854153
TSP_86([[D@2434cccc [5, 11] [0, 1, 2, 3, 4, 6, 7, 8, 9, 10]) >[75], 489.854356
TSP_85([[D@2434cccc [5, 10] [0, 1, 2, 3, 4, 6, 7, 8, 9, 11]) >[75], 588.967042
TSP_88([[D@31a75098 [6, 0] [1, 2, 3, 4, 5, 7, 8, 9, 10, 11]) >[87], 774.465058
TSP_90([[D@31a75098 [6, 2] [0, 1, 3, 4, 5, 7, 8, 9, 10, 11]) >[87], 494.331343
TSP_91([[D@31a75098 [6, 3] [0, 1, 2, 4, 5, 7, 8, 9, 10, 11]) >[87], 557.396781
TSP_89([[D@31a75098 [6, 1] [0, 2, 3, 4, 5, 7, 8, 9, 10, 11]) >[87], 763.707
TSP_93([[D@31a75098 [6, 5] [0, 1, 2, 3, 4, 7, 8, 9, 10, 11]) >[87], 508.502502
TSP_92([[D@31a75098 [6, 4] [0, 1, 2, 3, 5, 7, 8, 9, 10, 11]) >[87], 728.20322
TSP_94([[D@31a75098 [6, 7] [0, 1, 2, 3, 4, 5, 8, 9, 10, 11]) >[87], 619.567428
TSP_95([[D@31a75098 [6, 8] [0, 1, 2, 3, 4, 5, 7, 9, 10, 11]) >[87], 711.188239
TSP_96([[D@31a75098 [6, 9] [0, 1, 2, 3, 4, 5, 7, 8, 10, 11]) >[87], 493.75981
TSP_97([[D@31a75098 [6, 10] [0, 1, 2, 3, 4, 5, 7, 8, 9, 11]) >[87], 698.426847
TSP_98([[D@31a75098 [6, 11] [0, 1, 2, 3, 4, 5, 7, 8, 9, 10]) >[87], 555.86603
TSP_101([[D@6898bfe6 [8, 1] [0, 2, 3, 4, 5, 6, 7, 9, 10, 11]) >[99], 493.039047
TSP_100([[D@6898bfe6 [8, 0] [1, 2, 3, 4, 5, 6, 7, 9, 10, 11]) >[99], 668.653366
TSP_102([[D@6898bfe6 [8, 2] [0, 1, 3, 4, 5, 6, 7, 9, 10, 11]) >[99], 615.312026
TSP_103([[D@6898bfe6 [8, 3] [0, 1, 2, 4, 5, 6, 7, 9, 10, 11]) >[99], 540.281038
TSP_104([[D@6898bfe6 [8, 4] [0, 1, 2, 3, 5, 6, 7, 9, 10, 11]) >[99], 487.843478
TSP_107([[D@6898bfe6 [8, 7] [0, 1, 2, 3, 4, 5, 6, 9, 10, 11]) >[99], 526.455527
TSP_105([[D@6898bfe6 [8, 5] [0, 1, 2, 3, 4, 6, 7, 9, 10, 11]) >[99], 778.851239
TSP_108([[D@6898bfe6 [8, 9] [0, 1, 2, 3, 4, 5, 6, 7, 10, 11]) >[99], 486.284072
TSP_106([[D@6898bfe6 [8, 6] [0, 1, 2, 3, 4, 5, 7, 9, 10, 11]) >[99], 657.03136
TSP_109([[D@6898bfe6 [8, 10] [0, 1, 2, 3, 4, 5, 6, 7, 9, 11]) >[99], 548.257248
TSP_112([[D@45ecab0 [7, 0] [1, 2, 3, 4, 5, 6, 8, 9, 10, 11]) >[111], 489.941764
TSP_113([[D@45ecab0 [7, 1] [0, 2, 3, 4, 5, 6, 8, 9, 10, 11]) >[111], 540.281216
TSP_110([[D@6898bfe6 [8, 11] [0, 1, 2, 3, 4, 5, 6, 7, 9, 10]) >[99], 704.266568
TSP_115([[D@45ecab0 [7, 3] [0, 1, 2, 4, 5, 6, 8, 9, 10, 11]) >[111], 496.511211
TSP_114([[D@45ecab0 [7, 2] [0, 1, 3, 4, 5, 6, 8, 9, 10, 11]) >[111], 610.400435
TSP_117([[D@45ecab0 [7, 5] [0, 1, 2, 3, 4, 6, 8, 9, 10, 11]) >[111], 671.531496
TSP_116([[D@45ecab0 [7, 4] [0, 1, 2, 3, 5, 6, 8, 9, 10, 11]) >[111], 758.930463
TSP_118([[D@45ecab0 [7, 6] [0, 1, 2, 3, 4, 5, 8, 9, 10, 11]) >[111], 487.520845
TSP_119([[D@45ecab0 [7, 8] [0, 1, 2, 3, 4, 5, 6, 9, 10, 11]) >[111], 572.995899
TSP_120([[D@45ecab0 [7, 9] [0, 1, 2, 3, 4, 5, 6, 8, 10, 11]) >[111], 631.446813
TSP_122([[D@45ecab0 [7, 11] [0, 1, 2, 3, 4, 5, 6, 8, 9, 10]) >[111], 495.023738
TSP_121([[D@45ecab0 [7, 10] [0, 1, 2, 3, 4, 5, 6, 8, 9, 11]) >[111], 736.283753
TSP_124([[D@6b4ceb0d [9, 0] [1, 2, 3, 4, 5, 6, 7, 8, 10, 11]) >[123], 511.991862
TSP_126([[D@6b4ceb0d [9, 2] [0, 1, 3, 4, 5, 6, 7, 8, 10, 11]) >[123], 492.479596
TSP_125([[D@6b4ceb0d [9, 1] [0, 2, 3, 4, 5, 6, 7, 8, 10, 11]) >[123], 660.655295
TSP_128([[D@6b4ceb0d [9, 4] [0, 1, 2, 3, 5, 6, 7, 8, 10, 11]) >[123], 644.881646
TSP_127([[D@6b4ceb0d [9, 3] [0, 1, 2, 4, 5, 6, 7, 8, 10, 11]) >[123], 737.347631
TSP_129([[D@6b4ceb0d [9, 5] [0, 1, 2, 3, 4, 6, 7, 8, 10, 11]) >[123], 495.761306
TSP_130([[D@6b4ceb0d [9, 6] [0, 1, 2, 3, 4, 5, 7, 8, 10, 11]) >[123], 642.583705
TSP_131([[D@6b4ceb0d [9, 7] [0, 1, 2, 3, 4, 5, 6, 8, 10, 11]) >[123], 600.489964
TSP_133([[D@6b4ceb0d [9, 10] [0, 1, 2, 3, 4, 5, 6, 7, 8, 11]) >[123], 487.097378
TSP_132([[D@6b4ceb0d [9, 8] [0, 1, 2, 3, 4, 5, 6, 7, 10, 11]) >[123], 629.389235
TSP_134([[D@6b4ceb0d [9, 11] [0, 1, 2, 3, 4, 5, 6, 7, 8, 10]) >[123], 665.502817
TSP_137([[D@2e60ec56 [10, 1] [0, 2, 3, 4, 5, 6, 7, 8, 9, 11]) >[135], 490.774818
TSP_136([[D@2e60ec56 [10, 0] [1, 2, 3, 4, 5, 6, 7, 8, 9, 11]) >[135], 591.202906
TSP_138([[D@2e60ec56 [10, 2] [0, 1, 3, 4, 5, 6, 7, 8, 9, 11]) >[135], 672.24335
TSP_140([[D@2e60ec56 [10, 4] [0, 1, 2, 3, 5, 6, 7, 8, 9, 11]) >[135], 487.752097
TSP_139([[D@2e60ec56 [10, 3] [0, 1, 2, 4, 5, 6, 7, 8, 9, 11]) >[135], 688.867097
TSP_141([[D@2e60ec56 [10, 5] [0, 1, 2, 3, 4, 6, 7, 8, 9, 11]) >[135], 626.355627
TSP_142([[D@2e60ec56 [10, 6] [0, 1, 2, 3, 4, 5, 7, 8, 9, 11]) >[135], 702.415619
TSP_143([[D@2e60ec56 [10, 7] [0, 1, 2, 3, 4, 5, 6, 8, 9, 11]) >[135], 486.482385
TSP_145([[D@2e60ec56 [10, 9] [0, 1, 2, 3, 4, 5, 6, 7, 8, 11]) >[135], 590.174927
TSP_144([[D@2e60ec56 [10, 8] [0, 1, 2, 3, 4, 5, 6, 7, 9, 11]) >[135], 731.005859
TSP_148([[D@354fed2 [11, 0] [1, 2, 3, 4, 5, 6, 7, 8, 9, 10]) >[147], 489.823307
TSP_146([[D@2e60ec56 [10, 11] [0, 1, 2, 3, 4, 5, 6, 7, 8, 9]) >[135], 833.38728
TSP_151([[D@354fed2 [11, 3] [0, 1, 2, 4, 5, 6, 7, 8, 9, 10]) >[147], 492.340827
TSP_149([[D@354fed2 [11, 1] [0, 2, 3, 4, 5, 6, 7, 8, 9, 10]) >[147], 686.5818
TSP_150([[D@354fed2 [11, 2] [0, 1, 3, 4, 5, 6, 7, 8, 9, 10]) >[147], 666.212533
TSP_153([[D@354fed2 [11, 5] [0, 1, 2, 3, 4, 6, 7, 8, 9, 10]) >[147], 494.613962
TSP_152([[D@354fed2 [11, 4] [0, 1, 2, 3, 5, 6, 7, 8, 9, 10]) >[147], 780.630225
TSP_154([[D@354fed2 [11, 6] [0, 1, 2, 3, 4, 5, 7, 8, 9, 10]) >[147], 689.546094
TSP_155([[D@354fed2 [11, 7] [0, 1, 2, 3, 4, 5, 6, 8, 9, 10]) >[147], 798.309416
Compare TSP_15([ Tour: 4 8 9 5 1 2 6 10 11 7 3 0 | Length: 31.313708498984763] [ Tour: 5 9 2 6 10 8 4 0 11 7 3 1 | Length: 36.22617373698473] [ Tour: 6 10 9 5 1 0 4 8 11 7 3 2 | Length: 31.313708498984763] [ Tour: 0 8 9 5 1 2 6 10 11 7 3 4 | Length: 31.810684591656077] [ Tour: 1 9 2 6 10 8 4 0 11 7 3 5 | Length: 36.22617373698472] [ Tour: 2 10 9 5 1 0 4 8 11 7 3 6 | Length: 31.810684591656077] [ Tour: 11 10 6 2 1 5 9 8 4 0 3 7 | Length: 31.313708498984763] [ Tour: 4 0 1 5 9 10 6 2 11 7 3 8 | Length: 32.08403811325377] [ Tour: 5 1 2 6 10 8 4 0 11 7 3 9 | Length: 35.012581805104034] [ Tour: 6 2 9 5 1 0 4 8 11 7 3 10 | Length: 32.08403811325377] [ Tour: 10 6 2 1 5 9 8 4 0 7 3 11 | Length: 31.81068459165608]) >[2], 0.026428
Compare TSP_27([ Tour: 5 9 10 6 2 3 7 11 8 4 0 1 | Length: 31.313708498984763] [ Tour: 6 10 3 7 11 9 5 1 8 4 0 2 | Length: 36.22617373698473] [ Tour: 7 11 10 6 2 1 5 9 8 4 0 3 | Length: 31.313708498984763] [ Tour: 8 11 7 3 2 6 10 9 5 1 0 4 | Length: 31.313708498984763] [ Tour: 1 9 10 6 2 3 7 11 8 4 0 5 | Length: 31.810684591656077] [ Tour: 2 10 3 7 11 9 5 1 8 4 0 6 | Length: 36.22617373698472] [ Tour: 3 11 10 6 2 1 5 9 8 4 0 7 | Length: 31.810684591656077] [ Tour: 11 7 3 2 6 10 9 5 1 4 0 8 | Length: 31.81068459165608] [ Tour: 5 1 2 6 10 11 7 3 8 4 0 9 | Length: 32.08403811325377] [ Tour: 6 2 3 7 11 9 5 1 8 4 0 10 | Length: 35.012581805104034] [ Tour: 7 3 10 6 2 1 5 9 8 4 0 11 | Length: 32.08403811325377]) >[2], 0.005384
Compare TSP_39([ Tour: 3 7 11 10 6 2 1 5 9 8 4 0 | Length: 31.313708498984766] [ Tour: 5 9 10 6 2 3 7 11 8 0 4 1 | Length: 31.810684591656077] [ Tour: 6 10 3 7 11 9 5 1 8 0 4 2 | Length: 36.22617373698473] [ Tour: 7 11 10 6 2 1 5 9 8 0 4 3 | Length: 31.810684591656077] [ Tour: 1 9 10 6 2 3 7 11 8 0 4 5 | Length: 32.14213562373095] [ Tour: 2 10 3 7 11 9 5 1 8 0 4 6 | Length: 36.22617373698472] [ Tour: 3 11 10 6 2 1 5 9 8 0 4 7 | Length: 32.14213562373095] [ Tour: 11 7 3 2 6 10 9 5 1 0 4 8 | Length: 31.313708498984766] [ Tour: 5 1 2 6 10 11 7 3 8 0 4 9 | Length: 32.23619249411002] [ Tour: 6 2 3 7 11 9 5 1 8 0 4 10 | Length: 35.012581805104034] [ Tour: 7 3 10 6 2 1 5 9 8 0 4 11 | Length: 32.23619249411002]) >[2], 0.003964
Compare TSP_51([ Tour: 4 8 3 7 11 9 5 1 10 6 2 0 | Length: 36.22617373698473] [ Tour: 5 9 8 4 0 3 7 11 10 6 2 1 | Length: 31.313708498984763] [ Tour: 7 11 8 4 0 1 5 9 10 6 2 3 | Length: 31.313708498984763] [ Tour: 0 8 3 7 11 9 5 1 10 6 2 4 | Length: 36.22617373698472] [ Tour: 1 9 8 4 0 3 7 11 10 6 2 5 | Length: 31.810684591656077] [ Tour: 10 11 7 3 0 4 8 9 5 1 2 6 | Length: 31.313708498984763] [ Tour: 3 11 8 4 0 1 5 9 10 6 2 7 | Length: 31.810684591656077] [ Tour: 4 0 3 7 11 9 5 1 10 6 2 8 | Length: 35.012581805104034] [ Tour: 5 1 0 4 8 11 7 3 10 6 2 9 | Length: 32.08403811325377] [ Tour: 11 7 3 0 4 8 9 5 1 6 2 10 | Length: 31.81068459165608] [ Tour: 7 3 0 4 8 9 5 1 10 6 2 11 | Length: 32.08403811325377]) >[2], 0.004037
Compare TSP_63([ Tour: 4 8 11 7 3 2 6 10 9 5 1 0 | Length: 31.313708498984763] [ Tour: 6 10 11 7 3 0 4 8 9 5 1 2 | Length: 31.313708498984763] [ Tour: 7 11 2 6 10 8 4 0 9 5 1 3 | Length: 36.22617373698473] [ Tour: 0 8 11 7 3 2 6 10 9 5 1 4 | Length: 31.810684591656077] [ Tour: 9 8 4 0 3 7 11 10 6 2 1 5 | Length: 31.313708498984763] [ Tour: 2 10 11 7 3 0 4 8 9 5 1 6 | Length: 31.810684591656077] [ Tour: 3 11 2 6 10 8 4 0 9 5 1 7 | Length: 36.22617373698472] [ Tour: 4 0 11 7 3 2 6 10 9 5 1 8 | Length: 32.08403811325377] [ Tour: 8 4 0 3 7 11 10 6 2 5 1 9 | Length: 31.81068459165608] [ Tour: 6 2 11 7 3 0 4 8 9 5 1 10 | Length: 32.08403811325377] [ Tour: 7 3 2 6 10 8 4 0 9 5 1 11 | Length: 35.012581805104034]) >[2], 0.003903
Compare TSP_75([ Tour: 4 8 11 7 3 2 6 10 9 1 5 0 | Length: 31.810684591656077] [ Tour: 0 4 8 11 7 3 2 6 10 9 5 1 | Length: 31.313708498984766] [ Tour: 6 10 11 7 3 0 4 8 9 1 5 2 | Length: 31.810684591656077] [ Tour: 7 11 2 6 10 8 4 0 9 1 5 3 | Length: 36.22617373698473] [ Tour: 0 8 11 7 3 2 6 10 9 1 5 4 | Length: 32.14213562373095] [ Tour: 2 10 11 7 3 0 4 8 9 1 5 6 | Length: 32.14213562373095] [ Tour: 3 11 2 6 10 8 4 0 9 1 5 7 | Length: 36.22617373698472] [ Tour: 4 0 11 7 3 2 6 10 9 1 5 8 | Length: 32.23619249411002] [ Tour: 8 4 0 3 7 11 10 6 2 1 5 9 | Length: 31.313708498984766] [ Tour: 6 2 11 7 3 0 4 8 9 1 5 10 | Length: 32.23619249411002] [ Tour: 7 3 2 6 10 8 4 0 9 1 5 11 | Length: 35.012581805104034]) >[2], 0.004247
Compare TSP_87([ Tour: 4 8 3 7 11 9 5 1 10 2 6 0 | Length: 36.22617373698473] [ Tour: 5 9 8 4 0 3 7 11 10 2 6 1 | Length: 31.810684591656077] [ Tour: 3 7 11 8 4 0 1 5 9 10 6 2 | Length: 31.313708498984766] [ Tour: 7 11 8 4 0 1 5 9 10 2 6 3 | Length: 31.810684591656077] [ Tour: 0 8 3 7 11 9 5 1 10 2 6 4 | Length: 36.22617373698472] [ Tour: 1 9 8 4 0 3 7 11 10 2 6 5 | Length: 32.14213562373095] [ Tour: 3 11 8 4 0 1 5 9 10 2 6 7 | Length: 32.14213562373095] [ Tour: 4 0 3 7 11 9 5 1 10 2 6 8 | Length: 35.012581805104034] [ Tour: 5 1 0 4 8 11 7 3 10 2 6 9 | Length: 32.23619249411002] [ Tour: 11 7 3 0 4 8 9 5 1 2 6 10 | Length: 31.313708498984766] [ Tour: 7 3 0 4 8 9 5 1 10 2 6 11 | Length: 32.23619249411002]) >[2], 0.004129
Compare TSP_99([ Tour: 4 3 7 11 10 6 2 1 5 9 8 0 | Length: 31.81068459165608] [ Tour: 5 9 10 6 2 11 7 3 0 4 8 1 | Length: 32.08403811325377] [ Tour: 6 10 3 7 11 9 5 1 0 4 8 2 | Length: 35.012581805104034] [ Tour: 7 11 10 6 2 9 5 1 0 4 8 3 | Length: 32.08403811325377] [ Tour: 0 3 7 11 10 6 2 1 5 9 8 4 | Length: 31.313708498984766] [ Tour: 1 9 10 6 2 11 7 3 0 4 8 5 | Length: 32.23619249411002] [ Tour: 2 10 3 7 11 9 5 1 0 4 8 6 | Length: 35.01258180510403] [ Tour: 3 11 10 6 2 9 5 1 0 4 8 7 | Length: 32.23619249411002] [ Tour: 5 1 2 6 10 11 7 3 0 4 8 9 | Length: 31.313708498984763] [ Tour: 6 2 3 7 11 9 5 1 0 4 8 10 | Length: 33.798989873223334] [ Tour: 7 3 2 6 10 9 5 1 0 4 8 11 | Length: 31.313708498984763]) >[2], 0.003947
TSP_156([[D@354fed2 [11, 8] [0, 1, 2, 3, 4, 5, 6, 7, 9, 10]) >[147], 485.268863
Compare TSP_111([ Tour: 4 8 9 5 1 2 6 10 11 3 7 0 | Length: 31.810684591656077] [ Tour: 5 9 2 6 10 8 4 0 11 3 7 1 | Length: 36.22617373698473] [ Tour: 6 10 9 5 1 0 4 8 11 3 7 2 | Length: 31.810684591656077] [ Tour: 2 6 10 9 5 1 0 4 8 11 7 3 | Length: 31.313708498984766] [ Tour: 0 8 9 5 1 2 6 10 11 3 7 4 | Length: 32.14213562373095] [ Tour: 1 9 2 6 10 8 4 0 11 3 7 5 | Length: 36.22617373698472] [ Tour: 2 10 9 5 1 0 4 8 11 3 7 6 | Length: 32.14213562373095] [ Tour: 4 0 1 5 9 10 6 2 11 3 7 8 | Length: 32.23619249411002] [ Tour: 5 1 2 6 10 8 4 0 11 3 7 9 | Length: 35.012581805104034] [ Tour: 6 2 9 5 1 0 4 8 11 3 7 10 | Length: 32.23619249411002] [ Tour: 10 6 2 1 5 9 8 4 0 3 7 11 | Length: 31.313708498984766]) >[2], 0.003829
Compare TSP_123([ Tour: 4 8 11 7 3 10 6 2 1 5 9 0 | Length: 32.08403811325377] [ Tour: 5 0 4 8 11 7 3 2 6 10 9 1 | Length: 31.81068459165608] [ Tour: 6 10 11 7 3 8 4 0 1 5 9 2 | Length: 32.08403811325377] [ Tour: 7 11 2 6 10 8 4 0 1 5 9 3 | Length: 35.012581805104034] [ Tour: 0 8 11 7 3 10 6 2 1 5 9 4 | Length: 32.23619249411002] [ Tour: 1 0 4 8 11 7 3 2 6 10 9 5 | Length: 31.313708498984766] [ Tour: 2 10 11 7 3 8 4 0 1 5 9 6 | Length: 32.23619249411002] [ Tour: 3 11 2 6 10 8 4 0 1 5 9 7 | Length: 35.01258180510403] [ Tour: 4 0 3 7 11 10 6 2 1 5 9 8 | Length: 31.313708498984763] [ Tour: 6 2 3 7 11 8 4 0 1 5 9 10 | Length: 31.313708498984763] [ Tour: 7 3 2 6 10 8 4 0 1 5 9 11 | Length: 33.798989873223334]) >[2], 0.025182
Compare TSP_135([ Tour: 4 8 3 7 11 9 5 1 2 6 10 0 | Length: 35.012581805104034] [ Tour: 5 9 8 4 0 11 7 3 2 6 10 1 | Length: 32.08403811325377] [ Tour: 6 3 7 11 8 4 0 1 5 9 10 2 | Length: 31.81068459165608] [ Tour: 7 11 8 4 0 9 5 1 2 6 10 3 | Length: 32.08403811325377] [ Tour: 0 8 3 7 11 9 5 1 2 6 10 4 | Length: 35.01258180510403] [ Tour: 1 9 8 4 0 11 7 3 2 6 10 5 | Length: 32.23619249411002] [ Tour: 2 3 7 11 8 4 0 1 5 9 10 6 | Length: 31.313708498984766] [ Tour: 3 11 8 4 0 9 5 1 2 6 10 7 | Length: 32.23619249411002] [ Tour: 4 0 3 7 11 9 5 1 2 6 10 8 | Length: 33.798989873223334] [ Tour: 5 1 0 4 8 11 7 3 2 6 10 9 | Length: 31.313708498984763] [ Tour: 7 3 0 4 8 9 5 1 2 6 10 11 | Length: 31.313708498984763]) >[2], 0.003724
TSP_157([[D@354fed2 [11, 9] [0, 1, 2, 3, 4, 5, 6, 7, 8, 10]) >[147], 770.651984
TSP_158([[D@354fed2 [11, 10] [0, 1, 2, 3, 4, 5, 6, 7, 8, 9]) >[147], 679.489382
Compare TSP_147([ Tour: 4 8 9 5 1 10 6 2 3 7 11 0 | Length: 32.08403811325377] [ Tour: 5 9 2 6 10 8 4 0 3 7 11 1 | Length: 35.012581805104034] [ Tour: 6 10 9 5 1 8 4 0 3 7 11 2 | Length: 32.08403811325377] [ Tour: 7 2 6 10 9 5 1 0 4 8 11 3 | Length: 31.81068459165608] [ Tour: 0 8 9 5 1 10 6 2 3 7 11 4 | Length: 32.23619249411002] [ Tour: 1 9 2 6 10 8 4 0 3 7 11 5 | Length: 35.01258180510403] [ Tour: 2 10 9 5 1 8 4 0 3 7 11 6 | Length: 32.23619249411002] [ Tour: 3 2 6 10 9 5 1 0 4 8 11 7 | Length: 31.313708498984766] [ Tour: 4 0 1 5 9 10 6 2 3 7 11 8 | Length: 31.313708498984763] [ Tour: 5 1 2 6 10 8 4 0 3 7 11 9 | Length: 33.798989873223334] [ Tour: 6 2 1 5 9 8 4 0 3 7 11 10 | Length: 31.313708498984763]) >[2], 0.027705
Compare TSP_2([ Tour: 5 9 10 6 2 3 7 11 8 4 0 1 | Length: 31.313708498984763] [ Tour: 4 8 11 7 3 2 6 10 9 5 1 0 | Length: 31.313708498984763] [ Tour: 5 9 8 4 0 3 7 11 10 6 2 1 | Length: 31.313708498984763] [ Tour: 4 8 9 5 1 2 6 10 11 7 3 0 | Length: 31.313708498984763] [ Tour: 3 7 11 10 6 2 1 5 9 8 4 0 | Length: 31.313708498984766] [ Tour: 0 4 8 11 7 3 2 6 10 9 5 1 | Length: 31.313708498984766] [ Tour: 5 9 8 4 0 3 7 11 10 2 6 1 | Length: 31.810684591656077] [ Tour: 4 8 9 5 1 2 6 10 11 3 7 0 | Length: 31.810684591656077] [ Tour: 4 3 7 11 10 6 2 1 5 9 8 0 | Length: 31.81068459165608] [ Tour: 5 0 4 8 11 7 3 2 6 10 9 1 | Length: 31.81068459165608] [ Tour: 5 9 8 4 0 11 7 3 2 6 10 1 | Length: 32.08403811325377] [ Tour: 4 8 9 5 1 10 6 2 3 7 11 0 | Length: 32.08403811325377]) >[0], 0.005805
Client Total,21115.917514

