Component, Time (ms)
Task, Run Time (ms)
TSP_1([[D@675dd521 [] [0, 1, 2, 3, 4, 5, 6, 7, 8, 9, 10, 11]) >[0], 2.059
TSP_4([[D@4932f4f0 [1] [0, 2, 3, 4, 5, 6, 7, 8, 9, 10, 11]) >[2], 0.172
TSP_3([[D@4932f4f0 [0] [1, 2, 3, 4, 5, 6, 7, 8, 9, 10, 11]) >[2], 2.869
TSP_5([[D@4932f4f0 [2] [0, 1, 3, 4, 5, 6, 7, 8, 9, 10, 11]) >[2], 0.53
TSP_6([[D@4932f4f0 [3] [0, 1, 2, 4, 5, 6, 7, 8, 9, 10, 11]) >[2], 0.371
TSP_7([[D@4932f4f0 [4] [0, 1, 2, 3, 5, 6, 7, 8, 9, 10, 11]) >[2], 0.25
TSP_8([[D@4932f4f0 [5] [0, 1, 2, 3, 4, 6, 7, 8, 9, 10, 11]) >[2], 0.298
TSP_9([[D@4932f4f0 [6] [0, 1, 2, 3, 4, 5, 7, 8, 9, 10, 11]) >[2], 0.397
TSP_10([[D@4932f4f0 [7] [0, 1, 2, 3, 4, 5, 6, 8, 9, 10, 11]) >[2], 0.254
TSP_11([[D@4932f4f0 [8] [0, 1, 2, 3, 4, 5, 6, 7, 9, 10, 11]) >[2], 0.273
TSP_12([[D@4932f4f0 [9] [0, 1, 2, 3, 4, 5, 6, 7, 8, 10, 11]) >[2], 0.267
TSP_14([[D@4932f4f0 [11] [0, 1, 2, 3, 4, 5, 6, 7, 8, 9, 10]) >[2], 0.248
TSP_13([[D@4932f4f0 [10] [0, 1, 2, 3, 4, 5, 6, 7, 8, 9, 11]) >[2], 0.266
TSP_17([[D@618e8b78 [1, 2] [0, 3, 4, 5, 6, 7, 8, 9, 10, 11]) >[15], 1557.724
TSP_16([[D@618e8b78 [1, 0] [2, 3, 4, 5, 6, 7, 8, 9, 10, 11]) >[15], 1721.632
TSP_18([[D@618e8b78 [1, 3] [0, 2, 4, 5, 6, 7, 8, 9, 10, 11]) >[15], 1211.543
TSP_19([[D@618e8b78 [1, 4] [0, 2, 3, 5, 6, 7, 8, 9, 10, 11]) >[15], 1272.558
TSP_21([[D@618e8b78 [1, 6] [0, 2, 3, 4, 5, 7, 8, 9, 10, 11]) >[15], 891.697
TSP_20([[D@618e8b78 [1, 5] [0, 2, 3, 4, 6, 7, 8, 9, 10, 11]) >[15], 1059.819
TSP_23([[D@618e8b78 [1, 8] [0, 2, 3, 4, 5, 6, 7, 9, 10, 11]) >[15], 849.191
TSP_22([[D@618e8b78 [1, 7] [0, 2, 3, 4, 5, 6, 8, 9, 10, 11]) >[15], 862.035
TSP_24([[D@618e8b78 [1, 9] [0, 2, 3, 4, 5, 6, 7, 8, 10, 11]) >[15], 828.433
TSP_25([[D@618e8b78 [1, 10] [0, 2, 3, 4, 5, 6, 7, 8, 9, 11]) >[15], 865.206
TSP_26([[D@618e8b78 [1, 11] [0, 2, 3, 4, 5, 6, 7, 8, 9, 10]) >[15], 824.08
TSP_28([[D@36073976 [0, 1] [2, 3, 4, 5, 6, 7, 8, 9, 10, 11]) >[27], 820.394
TSP_29([[D@36073976 [0, 2] [1, 3, 4, 5, 6, 7, 8, 9, 10, 11]) >[27], 824.378
TSP_30([[D@36073976 [0, 3] [1, 2, 4, 5, 6, 7, 8, 9, 10, 11]) >[27], 794.902
TSP_32([[D@36073976 [0, 5] [1, 2, 3, 4, 6, 7, 8, 9, 10, 11]) >[27], 858.206
TSP_31([[D@36073976 [0, 4] [1, 2, 3, 5, 6, 7, 8, 9, 10, 11]) >[27], 888.694
TSP_33([[D@36073976 [0, 6] [1, 2, 3, 4, 5, 7, 8, 9, 10, 11]) >[27], 986.905
TSP_34([[D@36073976 [0, 7] [1, 2, 3, 4, 5, 6, 8, 9, 10, 11]) >[27], 1014.837
TSP_36([[D@36073976 [0, 9] [1, 2, 3, 4, 5, 6, 7, 8, 10, 11]) >[27], 1463.616
TSP_35([[D@36073976 [0, 8] [1, 2, 3, 4, 5, 6, 7, 9, 10, 11]) >[27], 1512.993
TSP_37([[D@36073976 [0, 10] [1, 2, 3, 4, 5, 6, 7, 8, 9, 11]) >[27], 1095.38
TSP_38([[D@36073976 [0, 11] [1, 2, 3, 4, 5, 6, 7, 8, 9, 10]) >[27], 1083.869
TSP_41([[D@e1d5aac [2, 1] [0, 3, 4, 5, 6, 7, 8, 9, 10, 11]) >[39], 1001.444
TSP_40([[D@e1d5aac [2, 0] [1, 3, 4, 5, 6, 7, 8, 9, 10, 11]) >[39], 1092.432
TSP_42([[D@e1d5aac [2, 3] [0, 1, 4, 5, 6, 7, 8, 9, 10, 11]) >[39], 1087.656
TSP_43([[D@e1d5aac [2, 4] [0, 1, 3, 5, 6, 7, 8, 9, 10, 11]) >[39], 1019.474
TSP_44([[D@e1d5aac [2, 5] [0, 1, 3, 4, 6, 7, 8, 9, 10, 11]) >[39], 823.155
TSP_45([[D@e1d5aac [2, 6] [0, 1, 3, 4, 5, 7, 8, 9, 10, 11]) >[39], 826.995
TSP_46([[D@e1d5aac [2, 7] [0, 1, 3, 4, 5, 6, 8, 9, 10, 11]) >[39], 826.947
TSP_47([[D@e1d5aac [2, 8] [0, 1, 3, 4, 5, 6, 7, 9, 10, 11]) >[39], 839.747
TSP_48([[D@e1d5aac [2, 9] [0, 1, 3, 4, 5, 6, 7, 8, 10, 11]) >[39], 812.151
TSP_49([[D@e1d5aac [2, 10] [0, 1, 3, 4, 5, 6, 7, 8, 9, 11]) >[39], 832.24
TSP_50([[D@e1d5aac [2, 11] [0, 1, 3, 4, 5, 6, 7, 8, 9, 10]) >[39], 1137.278
TSP_52([[D@392a12fc [3, 0] [1, 2, 4, 5, 6, 7, 8, 9, 10, 11]) >[51], 1103.747
TSP_54([[D@392a12fc [3, 2] [0, 1, 4, 5, 6, 7, 8, 9, 10, 11]) >[51], 1093.203
TSP_53([[D@392a12fc [3, 1] [0, 2, 4, 5, 6, 7, 8, 9, 10, 11]) >[51], 1146.804
TSP_55([[D@392a12fc [3, 4] [0, 1, 2, 5, 6, 7, 8, 9, 10, 11]) >[51], 1188.044
TSP_56([[D@392a12fc [3, 5] [0, 1, 2, 4, 6, 7, 8, 9, 10, 11]) >[51], 1282.824
TSP_57([[D@392a12fc [3, 6] [0, 1, 2, 4, 5, 7, 8, 9, 10, 11]) >[51], 1411.313
TSP_58([[D@392a12fc [3, 7] [0, 1, 2, 4, 5, 6, 8, 9, 10, 11]) >[51], 1315.569
TSP_59([[D@392a12fc [3, 8] [0, 1, 2, 4, 5, 6, 7, 9, 10, 11]) >[51], 1248.152
TSP_60([[D@392a12fc [3, 9] [0, 1, 2, 4, 5, 6, 7, 8, 10, 11]) >[51], 1299.563
TSP_61([[D@392a12fc [3, 10] [0, 1, 2, 4, 5, 6, 7, 8, 9, 11]) >[51], 1268.727
TSP_62([[D@392a12fc [3, 11] [0, 1, 2, 4, 5, 6, 7, 8, 9, 10]) >[51], 1253.052
TSP_64([[D@4ba0561d [4, 0] [1, 2, 3, 5, 6, 7, 8, 9, 10, 11]) >[63], 1134.026
TSP_65([[D@4ba0561d [4, 1] [0, 2, 3, 5, 6, 7, 8, 9, 10, 11]) >[63], 1171.042
TSP_66([[D@4ba0561d [4, 2] [0, 1, 3, 5, 6, 7, 8, 9, 10, 11]) >[63], 1270.57
TSP_67([[D@4ba0561d [4, 3] [0, 1, 2, 5, 6, 7, 8, 9, 10, 11]) >[63], 1249.126
TSP_68([[D@4ba0561d [4, 5] [0, 1, 2, 3, 6, 7, 8, 9, 10, 11]) >[63], 1367.445
TSP_69([[D@4ba0561d [4, 6] [0, 1, 2, 3, 5, 7, 8, 9, 10, 11]) >[63], 1385.506
TSP_70([[D@4ba0561d [4, 7] [0, 1, 2, 3, 5, 6, 8, 9, 10, 11]) >[63], 1267.813
TSP_71([[D@4ba0561d [4, 8] [0, 1, 2, 3, 5, 6, 7, 9, 10, 11]) >[63], 1235.794
TSP_72([[D@4ba0561d [4, 9] [0, 1, 2, 3, 5, 6, 7, 8, 10, 11]) >[63], 1563.758
TSP_73([[D@4ba0561d [4, 10] [0, 1, 2, 3, 5, 6, 7, 8, 9, 11]) >[63], 1522.23
TSP_76([[D@1f2c8b2a [5, 0] [1, 2, 3, 4, 6, 7, 8, 9, 10, 11]) >[75], 1657.723
TSP_74([[D@4ba0561d [4, 11] [0, 1, 2, 3, 5, 6, 7, 8, 9, 10]) >[63], 1744.622
TSP_77([[D@1f2c8b2a [5, 1] [0, 2, 3, 4, 6, 7, 8, 9, 10, 11]) >[75], 1190.283
TSP_78([[D@1f2c8b2a [5, 2] [0, 1, 3, 4, 6, 7, 8, 9, 10, 11]) >[75], 1208.172
TSP_79([[D@1f2c8b2a [5, 3] [0, 1, 2, 4, 6, 7, 8, 9, 10, 11]) >[75], 1175.131
TSP_80([[D@1f2c8b2a [5, 4] [0, 1, 2, 3, 6, 7, 8, 9, 10, 11]) >[75], 1213.729
TSP_81([[D@1f2c8b2a [5, 6] [0, 1, 2, 3, 4, 7, 8, 9, 10, 11]) >[75], 1201.336
TSP_82([[D@1f2c8b2a [5, 7] [0, 1, 2, 3, 4, 6, 8, 9, 10, 11]) >[75], 1176.772
TSP_83([[D@1f2c8b2a [5, 8] [0, 1, 2, 3, 4, 6, 7, 9, 10, 11]) >[75], 1180.642
TSP_84([[D@1f2c8b2a [5, 9] [0, 1, 2, 3, 4, 6, 7, 8, 10, 11]) >[75], 1138.596
TSP_85([[D@1f2c8b2a [5, 10] [0, 1, 2, 3, 4, 6, 7, 8, 9, 11]) >[75], 1211.445
TSP_86([[D@1f2c8b2a [5, 11] [0, 1, 2, 3, 4, 6, 7, 8, 9, 10]) >[75], 1137.104
TSP_89([[D@7bf7701 [6, 1] [0, 2, 3, 4, 5, 7, 8, 9, 10, 11]) >[87], 1203.207
TSP_88([[D@7bf7701 [6, 0] [1, 2, 3, 4, 5, 7, 8, 9, 10, 11]) >[87], 1217.519
TSP_91([[D@7bf7701 [6, 3] [0, 1, 2, 4, 5, 7, 8, 9, 10, 11]) >[87], 1077.714
TSP_90([[D@7bf7701 [6, 2] [0, 1, 3, 4, 5, 7, 8, 9, 10, 11]) >[87], 1190.053
TSP_92([[D@7bf7701 [6, 4] [0, 1, 2, 3, 5, 7, 8, 9, 10, 11]) >[87], 1173.551
TSP_93([[D@7bf7701 [6, 5] [0, 1, 2, 3, 4, 7, 8, 9, 10, 11]) >[87], 1101.39
TSP_94([[D@7bf7701 [6, 7] [0, 1, 2, 3, 4, 5, 8, 9, 10, 11]) >[87], 1114.75
TSP_95([[D@7bf7701 [6, 8] [0, 1, 2, 3, 4, 5, 7, 9, 10, 11]) >[87], 1106.579
TSP_96([[D@7bf7701 [6, 9] [0, 1, 2, 3, 4, 5, 7, 8, 10, 11]) >[87], 1129.998
TSP_97([[D@7bf7701 [6, 10] [0, 1, 2, 3, 4, 5, 7, 8, 9, 11]) >[87], 1166.066
TSP_98([[D@7bf7701 [6, 11] [0, 1, 2, 3, 4, 5, 7, 8, 9, 10]) >[87], 1178.795
TSP_100([[D@5c9ddf21 [7, 0] [1, 2, 3, 4, 5, 6, 8, 9, 10, 11]) >[99], 1165.861
TSP_101([[D@5c9ddf21 [7, 1] [0, 2, 3, 4, 5, 6, 8, 9, 10, 11]) >[99], 1243.269
TSP_102([[D@5c9ddf21 [7, 2] [0, 1, 3, 4, 5, 6, 8, 9, 10, 11]) >[99], 1272.022
TSP_104([[D@5c9ddf21 [7, 4] [0, 1, 2, 3, 5, 6, 8, 9, 10, 11]) >[99], 1300.561
TSP_103([[D@5c9ddf21 [7, 3] [0, 1, 2, 4, 5, 6, 8, 9, 10, 11]) >[99], 1421.902
TSP_106([[D@5c9ddf21 [7, 6] [0, 1, 2, 3, 4, 5, 8, 9, 10, 11]) >[99], 1084.949
TSP_105([[D@5c9ddf21 [7, 5] [0, 1, 2, 3, 4, 6, 8, 9, 10, 11]) >[99], 1132.63
TSP_108([[D@5c9ddf21 [7, 9] [0, 1, 2, 3, 4, 5, 6, 8, 10, 11]) >[99], 1084.786
TSP_107([[D@5c9ddf21 [7, 8] [0, 1, 2, 3, 4, 5, 6, 9, 10, 11]) >[99], 1170.124
TSP_109([[D@5c9ddf21 [7, 10] [0, 1, 2, 3, 4, 5, 6, 8, 9, 11]) >[99], 1246.849
TSP_110([[D@5c9ddf21 [7, 11] [0, 1, 2, 3, 4, 5, 6, 8, 9, 10]) >[99], 1205.105
TSP_112([[D@d54bd83 [8, 0] [1, 2, 3, 4, 5, 6, 7, 9, 10, 11]) >[111], 1133.931
TSP_113([[D@d54bd83 [8, 1] [0, 2, 3, 4, 5, 6, 7, 9, 10, 11]) >[111], 1192.325
TSP_114([[D@d54bd83 [8, 2] [0, 1, 3, 4, 5, 6, 7, 9, 10, 11]) >[111], 1867.671
TSP_115([[D@d54bd83 [8, 3] [0, 1, 2, 4, 5, 6, 7, 9, 10, 11]) >[111], 1840.526
TSP_116([[D@d54bd83 [8, 4] [0, 1, 2, 3, 5, 6, 7, 9, 10, 11]) >[111], 1891.323
TSP_117([[D@d54bd83 [8, 5] [0, 1, 2, 3, 4, 6, 7, 9, 10, 11]) >[111], 1856.015
TSP_119([[D@d54bd83 [8, 7] [0, 1, 2, 3, 4, 5, 6, 9, 10, 11]) >[111], 985.738
TSP_118([[D@d54bd83 [8, 6] [0, 1, 2, 3, 4, 5, 7, 9, 10, 11]) >[111], 1079.151
TSP_121([[D@d54bd83 [8, 10] [0, 1, 2, 3, 4, 5, 6, 7, 9, 11]) >[111], 944.354
TSP_120([[D@d54bd83 [8, 9] [0, 1, 2, 3, 4, 5, 6, 7, 10, 11]) >[111], 969.999
TSP_122([[D@d54bd83 [8, 11] [0, 1, 2, 3, 4, 5, 6, 7, 9, 10]) >[111], 976.825
TSP_124([[D@5ee05754 [9, 0] [1, 2, 3, 4, 5, 6, 7, 8, 10, 11]) >[123], 986.722
TSP_126([[D@5ee05754 [9, 2] [0, 1, 3, 4, 5, 6, 7, 8, 10, 11]) >[123], 1025.383
TSP_125([[D@5ee05754 [9, 1] [0, 2, 3, 4, 5, 6, 7, 8, 10, 11]) >[123], 1068.111
TSP_127([[D@5ee05754 [9, 3] [0, 1, 2, 4, 5, 6, 7, 8, 10, 11]) >[123], 1159.292
TSP_128([[D@5ee05754 [9, 4] [0, 1, 2, 3, 5, 6, 7, 8, 10, 11]) >[123], 1166.118
TSP_129([[D@5ee05754 [9, 5] [0, 1, 2, 3, 4, 6, 7, 8, 10, 11]) >[123], 1501.914
TSP_130([[D@5ee05754 [9, 6] [0, 1, 2, 3, 4, 5, 7, 8, 10, 11]) >[123], 1534.325
TSP_131([[D@5ee05754 [9, 7] [0, 1, 2, 3, 4, 5, 6, 8, 10, 11]) >[123], 1978.9
TSP_132([[D@5ee05754 [9, 8] [0, 1, 2, 3, 4, 5, 6, 7, 10, 11]) >[123], 1982.356
TSP_133([[D@5ee05754 [9, 10] [0, 1, 2, 3, 4, 5, 6, 7, 8, 11]) >[123], 1510.691
TSP_134([[D@5ee05754 [9, 11] [0, 1, 2, 3, 4, 5, 6, 7, 8, 10]) >[123], 1455.197
TSP_137([[D@1c3518c9 [11, 1] [0, 2, 3, 4, 5, 6, 7, 8, 9, 10]) >[135], 1515.251
TSP_136([[D@1c3518c9 [11, 0] [1, 2, 3, 4, 5, 6, 7, 8, 9, 10]) >[135], 1609.426
TSP_138([[D@1c3518c9 [11, 2] [0, 1, 3, 4, 5, 6, 7, 8, 9, 10]) >[135], 1346.616
TSP_139([[D@1c3518c9 [11, 3] [0, 1, 2, 4, 5, 6, 7, 8, 9, 10]) >[135], 1403.693
TSP_140([[D@1c3518c9 [11, 4] [0, 1, 2, 3, 5, 6, 7, 8, 9, 10]) >[135], 1405.288
TSP_141([[D@1c3518c9 [11, 5] [0, 1, 2, 3, 4, 6, 7, 8, 9, 10]) >[135], 1530.55
TSP_142([[D@1c3518c9 [11, 6] [0, 1, 2, 3, 4, 5, 7, 8, 9, 10]) >[135], 1238.603
TSP_143([[D@1c3518c9 [11, 7] [0, 1, 2, 3, 4, 5, 6, 8, 9, 10]) >[135], 1424.552
TSP_144([[D@1c3518c9 [11, 8] [0, 1, 2, 3, 4, 5, 6, 7, 9, 10]) >[135], 1385.434
TSP_145([[D@1c3518c9 [11, 9] [0, 1, 2, 3, 4, 5, 6, 7, 8, 10]) >[135], 1423.66
TSP_146([[D@1c3518c9 [11, 10] [0, 1, 2, 3, 4, 5, 6, 7, 8, 9]) >[135], 1162.74
TSP_148([[D@2ed4e99c [10, 0] [1, 2, 3, 4, 5, 6, 7, 8, 9, 11]) >[147], 1027.196
TSP_149([[D@2ed4e99c [10, 1] [0, 2, 3, 4, 5, 6, 7, 8, 9, 11]) >[147], 1150.524
TSP_150([[D@2ed4e99c [10, 2] [0, 1, 3, 4, 5, 6, 7, 8, 9, 11]) >[147], 1366.801
TSP_151([[D@2ed4e99c [10, 3] [0, 1, 2, 4, 5, 6, 7, 8, 9, 11]) >[147], 1463.469
TSP_152([[D@2ed4e99c [10, 4] [0, 1, 2, 3, 5, 6, 7, 8, 9, 11]) >[147], 1345.447
TSP_153([[D@2ed4e99c [10, 5] [0, 1, 2, 3, 4, 6, 7, 8, 9, 11]) >[147], 1325.76
TSP_154([[D@2ed4e99c [10, 6] [0, 1, 2, 3, 4, 5, 7, 8, 9, 11]) >[147], 1213.345
TSP_155([[D@2ed4e99c [10, 7] [0, 1, 2, 3, 4, 5, 6, 8, 9, 11]) >[147], 1338.295
TSP_156([[D@2ed4e99c [10, 8] [0, 1, 2, 3, 4, 5, 6, 7, 9, 11]) >[147], 1283.991
TSP_157([[D@2ed4e99c [10, 9] [0, 1, 2, 3, 4, 5, 6, 7, 8, 11]) >[147], 1110.558
Compare TSP_15([ Tour: 4 8 11 7 3 2 6 10 9 5 1 0 | Length: 31.313708498984763] [ Tour: 6 10 11 7 3 0 4 8 9 5 1 2 | Length: 31.313708498984763] [ Tour: 7 11 2 6 10 8 4 0 9 5 1 3 | Length: 36.22617373698473] [ Tour: 0 8 11 7 3 2 6 10 9 5 1 4 | Length: 31.810684591656077] [ Tour: 9 8 4 0 3 7 11 10 6 2 1 5 | Length: 31.313708498984763] [ Tour: 2 10 11 7 3 0 4 8 9 5 1 6 | Length: 31.810684591656077] [ Tour: 3 11 2 6 10 8 4 0 9 5 1 7 | Length: 36.22617373698472] [ Tour: 4 0 11 7 3 2 6 10 9 5 1 8 | Length: 32.08403811325377] [ Tour: 8 4 0 3 7 11 10 6 2 5 1 9 | Length: 31.81068459165608] [ Tour: 6 2 11 7 3 0 4 8 9 5 1 10 | Length: 32.08403811325377] [ Tour: 7 3 2 6 10 8 4 0 9 5 1 11 | Length: 35.012581805104034]) >[2], 0.156
Compare TSP_27([ Tour: 5 9 10 6 2 3 7 11 8 4 0 1 | Length: 31.313708498984763] [ Tour: 6 10 3 7 11 9 5 1 8 4 0 2 | Length: 36.22617373698473] [ Tour: 7 11 10 6 2 1 5 9 8 4 0 3 | Length: 31.313708498984763] [ Tour: 8 11 7 3 2 6 10 9 5 1 0 4 | Length: 31.313708498984763] [ Tour: 1 9 10 6 2 3 7 11 8 4 0 5 | Length: 31.810684591656077] [ Tour: 2 10 3 7 11 9 5 1 8 4 0 6 | Length: 36.22617373698472] [ Tour: 3 11 10 6 2 1 5 9 8 4 0 7 | Length: 31.810684591656077] [ Tour: 11 7 3 2 6 10 9 5 1 4 0 8 | Length: 31.81068459165608] [ Tour: 5 1 2 6 10 11 7 3 8 4 0 9 | Length: 32.08403811325377] [ Tour: 6 2 3 7 11 9 5 1 8 4 0 10 | Length: 35.012581805104034] [ Tour: 7 3 10 6 2 1 5 9 8 4 0 11 | Length: 32.08403811325377]) >[2], 0.005
Compare TSP_39([ Tour: 4 8 3 7 11 9 5 1 10 6 2 0 | Length: 36.22617373698473] [ Tour: 5 9 8 4 0 3 7 11 10 6 2 1 | Length: 31.313708498984763] [ Tour: 7 11 8 4 0 1 5 9 10 6 2 3 | Length: 31.313708498984763] [ Tour: 0 8 3 7 11 9 5 1 10 6 2 4 | Length: 36.22617373698472] [ Tour: 1 9 8 4 0 3 7 11 10 6 2 5 | Length: 31.810684591656077] [ Tour: 10 11 7 3 0 4 8 9 5 1 2 6 | Length: 31.313708498984763] [ Tour: 3 11 8 4 0 1 5 9 10 6 2 7 | Length: 31.810684591656077] [ Tour: 4 0 3 7 11 9 5 1 10 6 2 8 | Length: 35.012581805104034] [ Tour: 5 1 0 4 8 11 7 3 10 6 2 9 | Length: 32.08403811325377] [ Tour: 11 7 3 0 4 8 9 5 1 6 2 10 | Length: 31.81068459165608] [ Tour: 7 3 0 4 8 9 5 1 10 6 2 11 | Length: 32.08403811325377]) >[2], 0.005
Compare TSP_51([ Tour: 4 8 9 5 1 2 6 10 11 7 3 0 | Length: 31.313708498984763] [ Tour: 5 9 2 6 10 8 4 0 11 7 3 1 | Length: 36.22617373698473] [ Tour: 6 10 9 5 1 0 4 8 11 7 3 2 | Length: 31.313708498984763] [ Tour: 0 8 9 5 1 2 6 10 11 7 3 4 | Length: 31.810684591656077] [ Tour: 1 9 2 6 10 8 4 0 11 7 3 5 | Length: 36.22617373698472] [ Tour: 2 10 9 5 1 0 4 8 11 7 3 6 | Length: 31.810684591656077] [ Tour: 11 10 6 2 1 5 9 8 4 0 3 7 | Length: 31.313708498984763] [ Tour: 4 0 1 5 9 10 6 2 11 7 3 8 | Length: 32.08403811325377] [ Tour: 5 1 2 6 10 8 4 0 11 7 3 9 | Length: 35.012581805104034] [ Tour: 6 2 9 5 1 0 4 8 11 7 3 10 | Length: 32.08403811325377] [ Tour: 10 6 2 1 5 9 8 4 0 7 3 11 | Length: 31.81068459165608]) >[2], 0.005
Compare TSP_63([ Tour: 3 7 11 10 6 2 1 5 9 8 4 0 | Length: 31.313708498984766] [ Tour: 5 9 10 6 2 3 7 11 8 0 4 1 | Length: 31.810684591656077] [ Tour: 6 10 3 7 11 9 5 1 8 0 4 2 | Length: 36.22617373698473] [ Tour: 7 11 10 6 2 1 5 9 8 0 4 3 | Length: 31.810684591656077] [ Tour: 1 9 10 6 2 3 7 11 8 0 4 5 | Length: 32.14213562373095] [ Tour: 2 10 3 7 11 9 5 1 8 0 4 6 | Length: 36.22617373698472] [ Tour: 3 11 10 6 2 1 5 9 8 0 4 7 | Length: 32.14213562373095] [ Tour: 11 7 3 2 6 10 9 5 1 0 4 8 | Length: 31.313708498984766] [ Tour: 5 1 2 6 10 11 7 3 8 0 4 9 | Length: 32.23619249411002] [ Tour: 6 2 3 7 11 9 5 1 8 0 4 10 | Length: 35.012581805104034] [ Tour: 7 3 10 6 2 1 5 9 8 0 4 11 | Length: 32.23619249411002]) >[2], 0.008
Compare TSP_75([ Tour: 4 8 11 7 3 2 6 10 9 1 5 0 | Length: 31.810684591656077] [ Tour: 0 4 8 11 7 3 2 6 10 9 5 1 | Length: 31.313708498984766] [ Tour: 6 10 11 7 3 0 4 8 9 1 5 2 | Length: 31.810684591656077] [ Tour: 7 11 2 6 10 8 4 0 9 1 5 3 | Length: 36.22617373698473] [ Tour: 0 8 11 7 3 2 6 10 9 1 5 4 | Length: 32.14213562373095] [ Tour: 2 10 11 7 3 0 4 8 9 1 5 6 | Length: 32.14213562373095] [ Tour: 3 11 2 6 10 8 4 0 9 1 5 7 | Length: 36.22617373698472] [ Tour: 4 0 11 7 3 2 6 10 9 1 5 8 | Length: 32.23619249411002] [ Tour: 8 4 0 3 7 11 10 6 2 1 5 9 | Length: 31.313708498984766] [ Tour: 6 2 11 7 3 0 4 8 9 1 5 10 | Length: 32.23619249411002] [ Tour: 7 3 2 6 10 8 4 0 9 1 5 11 | Length: 35.012581805104034]) >[2], 0.007
Compare TSP_87([ Tour: 4 8 3 7 11 9 5 1 10 2 6 0 | Length: 36.22617373698473] [ Tour: 5 9 8 4 0 3 7 11 10 2 6 1 | Length: 31.810684591656077] [ Tour: 3 7 11 8 4 0 1 5 9 10 6 2 | Length: 31.313708498984766] [ Tour: 7 11 8 4 0 1 5 9 10 2 6 3 | Length: 31.810684591656077] [ Tour: 0 8 3 7 11 9 5 1 10 2 6 4 | Length: 36.22617373698472] [ Tour: 1 9 8 4 0 3 7 11 10 2 6 5 | Length: 32.14213562373095] [ Tour: 3 11 8 4 0 1 5 9 10 2 6 7 | Length: 32.14213562373095] [ Tour: 4 0 3 7 11 9 5 1 10 2 6 8 | Length: 35.012581805104034] [ Tour: 5 1 0 4 8 11 7 3 10 2 6 9 | Length: 32.23619249411002] [ Tour: 11 7 3 0 4 8 9 5 1 2 6 10 | Length: 31.313708498984766] [ Tour: 7 3 0 4 8 9 5 1 10 2 6 11 | Length: 32.23619249411002]) >[2], 0.008
Compare TSP_99([ Tour: 4 8 9 5 1 2 6 10 11 3 7 0 | Length: 31.810684591656077] [ Tour: 5 9 2 6 10 8 4 0 11 3 7 1 | Length: 36.22617373698473] [ Tour: 6 10 9 5 1 0 4 8 11 3 7 2 | Length: 31.810684591656077] [ Tour: 2 6 10 9 5 1 0 4 8 11 7 3 | Length: 31.313708498984766] [ Tour: 0 8 9 5 1 2 6 10 11 3 7 4 | Length: 32.14213562373095] [ Tour: 1 9 2 6 10 8 4 0 11 3 7 5 | Length: 36.22617373698472] [ Tour: 2 10 9 5 1 0 4 8 11 3 7 6 | Length: 32.14213562373095] [ Tour: 4 0 1 5 9 10 6 2 11 3 7 8 | Length: 32.23619249411002] [ Tour: 5 1 2 6 10 8 4 0 11 3 7 9 | Length: 35.012581805104034] [ Tour: 6 2 9 5 1 0 4 8 11 3 7 10 | Length: 32.23619249411002] [ Tour: 10 6 2 1 5 9 8 4 0 3 7 11 | Length: 31.313708498984766]) >[2], 0.006
Compare TSP_111([ Tour: 4 3 7 11 10 6 2 1 5 9 8 0 | Length: 31.81068459165608] [ Tour: 5 9 10 6 2 11 7 3 0 4 8 1 | Length: 32.08403811325377] [ Tour: 6 10 3 7 11 9 5 1 0 4 8 2 | Length: 35.012581805104034] [ Tour: 7 11 10 6 2 9 5 1 0 4 8 3 | Length: 32.08403811325377] [ Tour: 0 3 7 11 10 6 2 1 5 9 8 4 | Length: 31.313708498984766] [ Tour: 1 9 10 6 2 11 7 3 0 4 8 5 | Length: 32.23619249411002] [ Tour: 2 10 3 7 11 9 5 1 0 4 8 6 | Length: 35.01258180510403] [ Tour: 3 11 10 6 2 9 5 1 0 4 8 7 | Length: 32.23619249411002] [ Tour: 5 1 2 6 10 11 7 3 0 4 8 9 | Length: 31.313708498984763] [ Tour: 6 2 3 7 11 9 5 1 0 4 8 10 | Length: 33.798989873223334] [ Tour: 7 3 2 6 10 9 5 1 0 4 8 11 | Length: 31.313708498984763]) >[2], 0.006
Compare TSP_123([ Tour: 4 8 11 7 3 10 6 2 1 5 9 0 | Length: 32.08403811325377] [ Tour: 5 0 4 8 11 7 3 2 6 10 9 1 | Length: 31.81068459165608] [ Tour: 6 10 11 7 3 8 4 0 1 5 9 2 | Length: 32.08403811325377] [ Tour: 7 11 2 6 10 8 4 0 1 5 9 3 | Length: 35.012581805104034] [ Tour: 0 8 11 7 3 10 6 2 1 5 9 4 | Length: 32.23619249411002] [ Tour: 1 0 4 8 11 7 3 2 6 10 9 5 | Length: 31.313708498984766] [ Tour: 2 10 11 7 3 8 4 0 1 5 9 6 | Length: 32.23619249411002] [ Tour: 3 11 2 6 10 8 4 0 1 5 9 7 | Length: 35.01258180510403] [ Tour: 4 0 3 7 11 10 6 2 1 5 9 8 | Length: 31.313708498984763] [ Tour: 6 2 3 7 11 8 4 0 1 5 9 10 | Length: 31.313708498984763] [ Tour: 7 3 2 6 10 8 4 0 1 5 9 11 | Length: 33.798989873223334]) >[2], 0.005
Compare TSP_135([ Tour: 4 8 9 5 1 10 6 2 3 7 11 0 | Length: 32.08403811325377] [ Tour: 5 9 2 6 10 8 4 0 3 7 11 1 | Length: 35.012581805104034] [ Tour: 6 10 9 5 1 8 4 0 3 7 11 2 | Length: 32.08403811325377] [ Tour: 7 2 6 10 9 5 1 0 4 8 11 3 | Length: 31.81068459165608] [ Tour: 0 8 9 5 1 10 6 2 3 7 11 4 | Length: 32.23619249411002] [ Tour: 1 9 2 6 10 8 4 0 3 7 11 5 | Length: 35.01258180510403] [ Tour: 2 10 9 5 1 8 4 0 3 7 11 6 | Length: 32.23619249411002] [ Tour: 3 2 6 10 9 5 1 0 4 8 11 7 | Length: 31.313708498984766] [ Tour: 4 0 1 5 9 10 6 2 3 7 11 8 | Length: 31.313708498984763] [ Tour: 5 1 2 6 10 8 4 0 3 7 11 9 | Length: 33.798989873223334] [ Tour: 6 2 1 5 9 8 4 0 3 7 11 10 | Length: 31.313708498984763]) >[2], 0.005
TSP_158([[D@2ed4e99c [10, 11] [0, 1, 2, 3, 4, 5, 6, 7, 8, 9]) >[147], 1032.729
Compare TSP_147([ Tour: 4 8 3 7 11 9 5 1 2 6 10 0 | Length: 35.012581805104034] [ Tour: 5 9 8 4 0 11 7 3 2 6 10 1 | Length: 32.08403811325377] [ Tour: 6 3 7 11 8 4 0 1 5 9 10 2 | Length: 31.81068459165608] [ Tour: 7 11 8 4 0 9 5 1 2 6 10 3 | Length: 32.08403811325377] [ Tour: 0 8 3 7 11 9 5 1 2 6 10 4 | Length: 35.01258180510403] [ Tour: 1 9 8 4 0 11 7 3 2 6 10 5 | Length: 32.23619249411002] [ Tour: 2 3 7 11 8 4 0 1 5 9 10 6 | Length: 31.313708498984766] [ Tour: 3 11 8 4 0 9 5 1 2 6 10 7 | Length: 32.23619249411002] [ Tour: 4 0 3 7 11 9 5 1 2 6 10 8 | Length: 33.798989873223334] [ Tour: 5 1 0 4 8 11 7 3 2 6 10 9 | Length: 31.313708498984763] [ Tour: 7 3 0 4 8 9 5 1 2 6 10 11 | Length: 31.313708498984763]) >[2], 0.005
Compare TSP_2([ Tour: 5 9 10 6 2 3 7 11 8 4 0 1 | Length: 31.313708498984763] [ Tour: 4 8 11 7 3 2 6 10 9 5 1 0 | Length: 31.313708498984763] [ Tour: 5 9 8 4 0 3 7 11 10 6 2 1 | Length: 31.313708498984763] [ Tour: 4 8 9 5 1 2 6 10 11 7 3 0 | Length: 31.313708498984763] [ Tour: 3 7 11 10 6 2 1 5 9 8 4 0 | Length: 31.313708498984766] [ Tour: 0 4 8 11 7 3 2 6 10 9 5 1 | Length: 31.313708498984766] [ Tour: 5 9 8 4 0 3 7 11 10 2 6 1 | Length: 31.810684591656077] [ Tour: 4 8 9 5 1 2 6 10 11 3 7 0 | Length: 31.810684591656077] [ Tour: 4 3 7 11 10 6 2 1 5 9 8 0 | Length: 31.81068459165608] [ Tour: 5 0 4 8 11 7 3 2 6 10 9 1 | Length: 31.81068459165608] [ Tour: 5 9 8 4 0 11 7 3 2 6 10 1 | Length: 32.08403811325377] [ Tour: 4 8 9 5 1 10 6 2 3 7 11 0 | Length: 32.08403811325377]) >[0], 0.047
Client Total,81659.232

