Component, Time (ms)
Task, Run Time (ms)
TSP_1([[D@6d3f1f92 [] [0, 1, 2, 3, 4, 5, 6, 7, 8, 9, 10, 11]) >[0], 4.338844
TSP_4([[D@96dbfb4 [1] [0, 2, 3, 4, 5, 6, 7, 8, 9, 10, 11]) >[2], 0.283189
TSP_3([[D@96dbfb4 [0] [1, 2, 3, 4, 5, 6, 7, 8, 9, 10, 11]) >[2], 3.186268
TSP_5([[D@96dbfb4 [2] [0, 1, 3, 4, 5, 6, 7, 8, 9, 10, 11]) >[2], 0.262546
TSP_6([[D@96dbfb4 [3] [0, 1, 2, 4, 5, 6, 7, 8, 9, 10, 11]) >[2], 0.149299
TSP_7([[D@96dbfb4 [4] [0, 1, 2, 3, 5, 6, 7, 8, 9, 10, 11]) >[2], 0.248718
TSP_8([[D@96dbfb4 [5] [0, 1, 2, 3, 4, 6, 7, 8, 9, 10, 11]) >[2], 0.143718
TSP_10([[D@96dbfb4 [7] [0, 1, 2, 3, 4, 5, 6, 8, 9, 10, 11]) >[2], 0.144521
TSP_9([[D@96dbfb4 [6] [0, 1, 2, 3, 4, 5, 7, 8, 9, 10, 11]) >[2], 0.249374
TSP_11([[D@96dbfb4 [8] [0, 1, 2, 3, 4, 5, 6, 7, 9, 10, 11]) >[2], 0.148726
TSP_12([[D@96dbfb4 [9] [0, 1, 2, 3, 4, 5, 6, 7, 8, 10, 11]) >[2], 0.239323
TSP_13([[D@96dbfb4 [10] [0, 1, 2, 3, 4, 5, 6, 7, 8, 9, 11]) >[2], 0.148695
TSP_14([[D@96dbfb4 [11] [0, 1, 2, 3, 4, 5, 6, 7, 8, 9, 10]) >[2], 0.235403
TSP_16([[D@4ee993e [1, 0] [2, 3, 4, 5, 6, 7, 8, 9, 10, 11]) >[15], 852.116504
TSP_17([[D@4ee993e [1, 2] [0, 3, 4, 5, 6, 7, 8, 9, 10, 11]) >[15], 1178.768207
TSP_18([[D@4ee993e [1, 3] [0, 2, 4, 5, 6, 7, 8, 9, 10, 11]) >[15], 731.845414
TSP_19([[D@4ee993e [1, 4] [0, 2, 3, 5, 6, 7, 8, 9, 10, 11]) >[15], 766.888112
TSP_20([[D@4ee993e [1, 5] [0, 2, 3, 4, 6, 7, 8, 9, 10, 11]) >[15], 495.262597
TSP_22([[D@4ee993e [1, 7] [0, 2, 3, 4, 5, 6, 8, 9, 10, 11]) >[15], 501.095661
TSP_21([[D@4ee993e [1, 6] [0, 2, 3, 4, 5, 7, 8, 9, 10, 11]) >[15], 681.206578
TSP_23([[D@4ee993e [1, 8] [0, 2, 3, 4, 5, 6, 7, 9, 10, 11]) >[15], 486.803442
TSP_24([[D@4ee993e [1, 9] [0, 2, 3, 4, 5, 6, 7, 8, 10, 11]) >[15], 732.563848
TSP_25([[D@4ee993e [1, 10] [0, 2, 3, 4, 5, 6, 7, 8, 9, 11]) >[15], 485.646801
TSP_28([[D@74c31651 [0, 1] [2, 3, 4, 5, 6, 7, 8, 9, 10, 11]) >[27], 481.724944
TSP_26([[D@4ee993e [1, 11] [0, 2, 3, 4, 5, 6, 7, 8, 9, 10]) >[15], 783.314104
TSP_29([[D@74c31651 [0, 2] [1, 3, 4, 5, 6, 7, 8, 9, 10, 11]) >[27], 488.319721
TSP_30([[D@74c31651 [0, 3] [1, 2, 4, 5, 6, 7, 8, 9, 10, 11]) >[27], 733.411352
TSP_31([[D@74c31651 [0, 4] [1, 2, 3, 5, 6, 7, 8, 9, 10, 11]) >[27], 492.05787
TSP_33([[D@74c31651 [0, 6] [1, 2, 3, 4, 5, 7, 8, 9, 10, 11]) >[27], 494.725335
TSP_32([[D@74c31651 [0, 5] [1, 2, 3, 4, 6, 7, 8, 9, 10, 11]) >[27], 778.447613
TSP_34([[D@74c31651 [0, 7] [1, 2, 3, 4, 5, 6, 8, 9, 10, 11]) >[27], 507.076409
TSP_35([[D@74c31651 [0, 8] [1, 2, 3, 4, 5, 6, 7, 9, 10, 11]) >[27], 743.326039
TSP_36([[D@74c31651 [0, 9] [1, 2, 3, 4, 5, 6, 7, 8, 10, 11]) >[27], 486.334786
TSP_38([[D@74c31651 [0, 11] [1, 2, 3, 4, 5, 6, 7, 8, 9, 10]) >[27], 478.64477
TSP_37([[D@74c31651 [0, 10] [1, 2, 3, 4, 5, 6, 7, 8, 9, 11]) >[27], 794.65862
TSP_40([[D@47bb3a11 [2, 0] [1, 3, 4, 5, 6, 7, 8, 9, 10, 11]) >[39], 482.542188
TSP_41([[D@47bb3a11 [2, 1] [0, 3, 4, 5, 6, 7, 8, 9, 10, 11]) >[39], 686.992882
TSP_42([[D@47bb3a11 [2, 3] [0, 1, 4, 5, 6, 7, 8, 9, 10, 11]) >[39], 492.890022
TSP_44([[D@47bb3a11 [2, 5] [0, 1, 3, 4, 6, 7, 8, 9, 10, 11]) >[39], 497.738363
TSP_43([[D@47bb3a11 [2, 4] [0, 1, 3, 5, 6, 7, 8, 9, 10, 11]) >[39], 611.577875
TSP_45([[D@47bb3a11 [2, 6] [0, 1, 3, 4, 5, 7, 8, 9, 10, 11]) >[39], 493.222676
TSP_46([[D@47bb3a11 [2, 7] [0, 1, 3, 4, 5, 6, 8, 9, 10, 11]) >[39], 693.312066
TSP_47([[D@47bb3a11 [2, 8] [0, 1, 3, 4, 5, 6, 7, 9, 10, 11]) >[39], 505.801523
TSP_48([[D@47bb3a11 [2, 9] [0, 1, 3, 4, 5, 6, 7, 8, 10, 11]) >[39], 769.298882
TSP_49([[D@47bb3a11 [2, 10] [0, 1, 3, 4, 5, 6, 7, 8, 9, 11]) >[39], 502.681518
TSP_52([[D@b0df6fe [3, 0] [1, 2, 4, 5, 6, 7, 8, 9, 10, 11]) >[51], 500.587735
TSP_50([[D@47bb3a11 [2, 11] [0, 1, 3, 4, 5, 6, 7, 8, 9, 10]) >[39], 756.241754
TSP_53([[D@b0df6fe [3, 1] [0, 2, 4, 5, 6, 7, 8, 9, 10, 11]) >[51], 504.932186
TSP_54([[D@b0df6fe [3, 2] [0, 1, 4, 5, 6, 7, 8, 9, 10, 11]) >[51], 733.411815
TSP_55([[D@b0df6fe [3, 4] [0, 1, 2, 5, 6, 7, 8, 9, 10, 11]) >[51], 497.208119
TSP_57([[D@b0df6fe [3, 6] [0, 1, 2, 4, 5, 7, 8, 9, 10, 11]) >[51], 498.070588
TSP_56([[D@b0df6fe [3, 5] [0, 1, 2, 4, 6, 7, 8, 9, 10, 11]) >[51], 800.502552
TSP_58([[D@b0df6fe [3, 7] [0, 1, 2, 4, 5, 6, 8, 9, 10, 11]) >[51], 499.90089
TSP_60([[D@b0df6fe [3, 9] [0, 1, 2, 4, 5, 6, 7, 8, 10, 11]) >[51], 493.923123
TSP_59([[D@b0df6fe [3, 8] [0, 1, 2, 4, 5, 6, 7, 9, 10, 11]) >[51], 734.320176
TSP_61([[D@b0df6fe [3, 10] [0, 1, 2, 4, 5, 6, 7, 8, 9, 11]) >[51], 492.434753
TSP_62([[D@b0df6fe [3, 11] [0, 1, 2, 4, 5, 6, 7, 8, 9, 10]) >[51], 746.640257
TSP_64([[D@1b9ce804 [4, 0] [1, 2, 3, 5, 6, 7, 8, 9, 10, 11]) >[63], 499.830293
TSP_65([[D@1b9ce804 [4, 1] [0, 2, 3, 5, 6, 7, 8, 9, 10, 11]) >[63], 714.13797
TSP_66([[D@1b9ce804 [4, 2] [0, 1, 3, 5, 6, 7, 8, 9, 10, 11]) >[63], 500.052916
TSP_68([[D@1b9ce804 [4, 5] [0, 1, 2, 3, 6, 7, 8, 9, 10, 11]) >[63], 497.213833
TSP_67([[D@1b9ce804 [4, 3] [0, 1, 2, 5, 6, 7, 8, 9, 10, 11]) >[63], 675.151672
TSP_69([[D@1b9ce804 [4, 6] [0, 1, 2, 3, 5, 7, 8, 9, 10, 11]) >[63], 500.051455
TSP_70([[D@1b9ce804 [4, 7] [0, 1, 2, 3, 5, 6, 8, 9, 10, 11]) >[63], 765.740942
TSP_71([[D@1b9ce804 [4, 8] [0, 1, 2, 3, 5, 6, 7, 9, 10, 11]) >[63], 494.127422
TSP_73([[D@1b9ce804 [4, 10] [0, 1, 2, 3, 5, 6, 7, 8, 9, 11]) >[63], 487.108773
TSP_72([[D@1b9ce804 [4, 9] [0, 1, 2, 3, 5, 6, 7, 8, 10, 11]) >[63], 758.283424
TSP_74([[D@1b9ce804 [4, 11] [0, 1, 2, 3, 5, 6, 7, 8, 9, 10]) >[63], 498.712716
TSP_76([[D@5a446cc5 [5, 0] [1, 2, 3, 4, 6, 7, 8, 9, 10, 11]) >[75], 767.754849
TSP_77([[D@5a446cc5 [5, 1] [0, 2, 3, 4, 6, 7, 8, 9, 10, 11]) >[75], 493.398551
TSP_79([[D@5a446cc5 [5, 3] [0, 1, 2, 4, 6, 7, 8, 9, 10, 11]) >[75], 492.297735
TSP_78([[D@5a446cc5 [5, 2] [0, 1, 3, 4, 6, 7, 8, 9, 10, 11]) >[75], 551.851098
TSP_80([[D@5a446cc5 [5, 4] [0, 1, 2, 3, 6, 7, 8, 9, 10, 11]) >[75], 493.769429
TSP_81([[D@5a446cc5 [5, 6] [0, 1, 2, 3, 4, 7, 8, 9, 10, 11]) >[75], 671.626521
TSP_82([[D@5a446cc5 [5, 7] [0, 1, 2, 3, 4, 6, 8, 9, 10, 11]) >[75], 487.048309
TSP_83([[D@5a446cc5 [5, 8] [0, 1, 2, 3, 4, 6, 7, 9, 10, 11]) >[75], 722.147016
TSP_84([[D@5a446cc5 [5, 9] [0, 1, 2, 3, 4, 6, 7, 8, 10, 11]) >[75], 488.01684
TSP_86([[D@5a446cc5 [5, 11] [0, 1, 2, 3, 4, 6, 7, 8, 9, 10]) >[75], 492.063852
TSP_85([[D@5a446cc5 [5, 10] [0, 1, 2, 3, 4, 6, 7, 8, 9, 11]) >[75], 705.452985
TSP_88([[D@69c1adfa [7, 0] [1, 2, 3, 4, 5, 6, 8, 9, 10, 11]) >[87], 484.13553
TSP_89([[D@69c1adfa [7, 1] [0, 2, 3, 4, 5, 6, 8, 9, 10, 11]) >[87], 752.66733
TSP_90([[D@69c1adfa [7, 2] [0, 1, 3, 4, 5, 6, 8, 9, 10, 11]) >[87], 490.018321
TSP_92([[D@69c1adfa [7, 4] [0, 1, 2, 3, 5, 6, 8, 9, 10, 11]) >[87], 501.071834
TSP_91([[D@69c1adfa [7, 3] [0, 1, 2, 4, 5, 6, 8, 9, 10, 11]) >[87], 790.256384
TSP_93([[D@69c1adfa [7, 5] [0, 1, 2, 3, 4, 6, 8, 9, 10, 11]) >[87], 490.157885
TSP_94([[D@69c1adfa [7, 6] [0, 1, 2, 3, 4, 5, 8, 9, 10, 11]) >[87], 672.966383
TSP_95([[D@69c1adfa [7, 8] [0, 1, 2, 3, 4, 5, 6, 9, 10, 11]) >[87], 504.940792
TSP_97([[D@69c1adfa [7, 10] [0, 1, 2, 3, 4, 5, 6, 8, 9, 11]) >[87], 489.685891
TSP_96([[D@69c1adfa [7, 9] [0, 1, 2, 3, 4, 5, 6, 8, 10, 11]) >[87], 626.183659
TSP_98([[D@69c1adfa [7, 11] [0, 1, 2, 3, 4, 5, 6, 8, 9, 10]) >[87], 483.206407
TSP_100([[D@2a852e54 [6, 0] [1, 2, 3, 4, 5, 7, 8, 9, 10, 11]) >[99], 670.790825
TSP_101([[D@2a852e54 [6, 1] [0, 2, 3, 4, 5, 7, 8, 9, 10, 11]) >[99], 494.130364
TSP_102([[D@2a852e54 [6, 2] [0, 1, 3, 4, 5, 7, 8, 9, 10, 11]) >[99], 658.03654
TSP_103([[D@2a852e54 [6, 3] [0, 1, 2, 4, 5, 7, 8, 9, 10, 11]) >[99], 502.325919
TSP_105([[D@2a852e54 [6, 5] [0, 1, 2, 3, 4, 7, 8, 9, 10, 11]) >[99], 494.224579
TSP_104([[D@2a852e54 [6, 4] [0, 1, 2, 3, 5, 7, 8, 9, 10, 11]) >[99], 679.284915
TSP_106([[D@2a852e54 [6, 7] [0, 1, 2, 3, 4, 5, 8, 9, 10, 11]) >[99], 487.526448
TSP_107([[D@2a852e54 [6, 8] [0, 1, 2, 3, 4, 5, 7, 9, 10, 11]) >[99], 688.769412
TSP_108([[D@2a852e54 [6, 9] [0, 1, 2, 3, 4, 5, 7, 8, 10, 11]) >[99], 485.59875
TSP_110([[D@2a852e54 [6, 11] [0, 1, 2, 3, 4, 5, 7, 8, 9, 10]) >[99], 494.01431
TSP_109([[D@2a852e54 [6, 10] [0, 1, 2, 3, 4, 5, 7, 8, 9, 11]) >[99], 742.162413
TSP_112([[D@62facfa5 [8, 0] [1, 2, 3, 4, 5, 6, 7, 9, 10, 11]) >[111], 482.745468
TSP_113([[D@62facfa5 [8, 1] [0, 2, 3, 4, 5, 6, 7, 9, 10, 11]) >[111], 657.524716
TSP_114([[D@62facfa5 [8, 2] [0, 1, 3, 4, 5, 6, 7, 9, 10, 11]) >[111], 501.227116
TSP_115([[D@62facfa5 [8, 3] [0, 1, 2, 4, 5, 6, 7, 9, 10, 11]) >[111], 758.645414
TSP_116([[D@62facfa5 [8, 4] [0, 1, 2, 3, 5, 6, 7, 9, 10, 11]) >[111], 492.092176
TSP_118([[D@62facfa5 [8, 6] [0, 1, 2, 3, 4, 5, 7, 9, 10, 11]) >[111], 483.96201
TSP_117([[D@62facfa5 [8, 5] [0, 1, 2, 3, 4, 6, 7, 9, 10, 11]) >[111], 810.464346
TSP_119([[D@62facfa5 [8, 7] [0, 1, 2, 3, 4, 5, 6, 9, 10, 11]) >[111], 490.729767
TSP_121([[D@62facfa5 [8, 10] [0, 1, 2, 3, 4, 5, 6, 7, 9, 11]) >[111], 492.261918
TSP_120([[D@62facfa5 [8, 9] [0, 1, 2, 3, 4, 5, 6, 7, 10, 11]) >[111], 730.300533
TSP_122([[D@62facfa5 [8, 11] [0, 1, 2, 3, 4, 5, 6, 7, 9, 10]) >[111], 482.652324
TSP_124([[D@551d1504 [9, 0] [1, 2, 3, 4, 5, 6, 7, 8, 10, 11]) >[123], 665.572924
TSP_125([[D@551d1504 [9, 1] [0, 2, 3, 4, 5, 6, 7, 8, 10, 11]) >[123], 486.333205
TSP_127([[D@551d1504 [9, 3] [0, 1, 2, 4, 5, 6, 7, 8, 10, 11]) >[123], 487.813712
TSP_126([[D@551d1504 [9, 2] [0, 1, 3, 4, 5, 6, 7, 8, 10, 11]) >[123], 740.132017
TSP_128([[D@551d1504 [9, 4] [0, 1, 2, 3, 5, 6, 7, 8, 10, 11]) >[123], 501.356905
TSP_129([[D@551d1504 [9, 5] [0, 1, 2, 3, 4, 6, 7, 8, 10, 11]) >[123], 701.79715
TSP_130([[D@551d1504 [9, 6] [0, 1, 2, 3, 4, 5, 7, 8, 10, 11]) >[123], 491.803952
TSP_131([[D@551d1504 [9, 7] [0, 1, 2, 3, 4, 5, 6, 8, 10, 11]) >[123], 682.344448
TSP_132([[D@551d1504 [9, 8] [0, 1, 2, 3, 4, 5, 6, 7, 10, 11]) >[123], 494.968375
TSP_134([[D@551d1504 [9, 11] [0, 1, 2, 3, 4, 5, 6, 7, 8, 10]) >[123], 496.930732
TSP_133([[D@551d1504 [9, 10] [0, 1, 2, 3, 4, 5, 6, 7, 8, 11]) >[123], 721.083011
TSP_136([[D@45e70a5a [10, 0] [1, 2, 3, 4, 5, 6, 7, 8, 9, 11]) >[135], 483.414774
TSP_137([[D@45e70a5a [10, 1] [0, 2, 3, 4, 5, 6, 7, 8, 9, 11]) >[135], 696.691921
TSP_138([[D@45e70a5a [10, 2] [0, 1, 3, 4, 5, 6, 7, 8, 9, 11]) >[135], 485.06931
TSP_140([[D@45e70a5a [10, 4] [0, 1, 2, 3, 5, 6, 7, 8, 9, 11]) >[135], 484.883238
TSP_139([[D@45e70a5a [10, 3] [0, 1, 2, 4, 5, 6, 7, 8, 9, 11]) >[135], 677.629002
TSP_141([[D@45e70a5a [10, 5] [0, 1, 2, 3, 4, 6, 7, 8, 9, 11]) >[135], 488.289306
TSP_142([[D@45e70a5a [10, 6] [0, 1, 2, 3, 4, 5, 7, 8, 9, 11]) >[135], 691.596921
TSP_143([[D@45e70a5a [10, 7] [0, 1, 2, 3, 4, 5, 6, 8, 9, 11]) >[135], 483.525282
TSP_145([[D@45e70a5a [10, 9] [0, 1, 2, 3, 4, 5, 6, 7, 8, 11]) >[135], 484.688458
TSP_144([[D@45e70a5a [10, 8] [0, 1, 2, 3, 4, 5, 6, 7, 9, 11]) >[135], 717.99111
TSP_146([[D@45e70a5a [10, 11] [0, 1, 2, 3, 4, 5, 6, 7, 8, 9]) >[135], 493.91253
TSP_148([[D@592e4ff9 [11, 0] [1, 2, 3, 4, 5, 6, 7, 8, 9, 10]) >[147], 721.571679
TSP_149([[D@592e4ff9 [11, 1] [0, 2, 3, 4, 5, 6, 7, 8, 9, 10]) >[147], 497.568932
TSP_150([[D@592e4ff9 [11, 2] [0, 1, 3, 4, 5, 6, 7, 8, 9, 10]) >[147], 742.025559
TSP_151([[D@592e4ff9 [11, 3] [0, 1, 2, 4, 5, 6, 7, 8, 9, 10]) >[147], 489.389655
TSP_153([[D@592e4ff9 [11, 5] [0, 1, 2, 3, 4, 6, 7, 8, 9, 10]) >[147], 498.74068
TSP_152([[D@592e4ff9 [11, 4] [0, 1, 2, 3, 5, 6, 7, 8, 9, 10]) >[147], 606.015596
TSP_154([[D@592e4ff9 [11, 6] [0, 1, 2, 3, 4, 5, 7, 8, 9, 10]) >[147], 497.101345
TSP_155([[D@592e4ff9 [11, 7] [0, 1, 2, 3, 4, 5, 6, 8, 9, 10]) >[147], 637.716653
TSP_156([[D@592e4ff9 [11, 8] [0, 1, 2, 3, 4, 5, 6, 7, 9, 10]) >[147], 496.304004
TSP_157([[D@592e4ff9 [11, 9] [0, 1, 2, 3, 4, 5, 6, 7, 8, 10]) >[147], 575.536569
Compare TSP_15([ Tour: 4 8 11 7 3 2 6 10 9 5 1 0 | Length: 31.313708498984763] [ Tour: 6 10 11 7 3 0 4 8 9 5 1 2 | Length: 31.313708498984763] [ Tour: 7 11 2 6 10 8 4 0 9 5 1 3 | Length: 36.22617373698473] [ Tour: 0 8 11 7 3 2 6 10 9 5 1 4 | Length: 31.810684591656077] [ Tour: 9 8 4 0 3 7 11 10 6 2 1 5 | Length: 31.313708498984763] [ Tour: 2 10 11 7 3 0 4 8 9 5 1 6 | Length: 31.810684591656077] [ Tour: 3 11 2 6 10 8 4 0 9 5 1 7 | Length: 36.22617373698472] [ Tour: 4 0 11 7 3 2 6 10 9 5 1 8 | Length: 32.08403811325377] [ Tour: 8 4 0 3 7 11 10 6 2 5 1 9 | Length: 31.81068459165608] [ Tour: 6 2 11 7 3 0 4 8 9 5 1 10 | Length: 32.08403811325377] [ Tour: 7 3 2 6 10 8 4 0 9 5 1 11 | Length: 35.012581805104034]) >[2], 0.01477
Compare TSP_27([ Tour: 5 9 10 6 2 3 7 11 8 4 0 1 | Length: 31.313708498984763] [ Tour: 6 10 3 7 11 9 5 1 8 4 0 2 | Length: 36.22617373698473] [ Tour: 7 11 10 6 2 1 5 9 8 4 0 3 | Length: 31.313708498984763] [ Tour: 8 11 7 3 2 6 10 9 5 1 0 4 | Length: 31.313708498984763] [ Tour: 1 9 10 6 2 3 7 11 8 4 0 5 | Length: 31.810684591656077] [ Tour: 2 10 3 7 11 9 5 1 8 4 0 6 | Length: 36.22617373698472] [ Tour: 3 11 10 6 2 1 5 9 8 4 0 7 | Length: 31.810684591656077] [ Tour: 11 7 3 2 6 10 9 5 1 4 0 8 | Length: 31.81068459165608] [ Tour: 5 1 2 6 10 11 7 3 8 4 0 9 | Length: 32.08403811325377] [ Tour: 6 2 3 7 11 9 5 1 8 4 0 10 | Length: 35.012581805104034] [ Tour: 7 3 10 6 2 1 5 9 8 4 0 11 | Length: 32.08403811325377]) >[2], 0.00274
Compare TSP_39([ Tour: 4 8 3 7 11 9 5 1 10 6 2 0 | Length: 36.22617373698473] [ Tour: 5 9 8 4 0 3 7 11 10 6 2 1 | Length: 31.313708498984763] [ Tour: 7 11 8 4 0 1 5 9 10 6 2 3 | Length: 31.313708498984763] [ Tour: 0 8 3 7 11 9 5 1 10 6 2 4 | Length: 36.22617373698472] [ Tour: 1 9 8 4 0 3 7 11 10 6 2 5 | Length: 31.810684591656077] [ Tour: 10 11 7 3 0 4 8 9 5 1 2 6 | Length: 31.313708498984763] [ Tour: 3 11 8 4 0 1 5 9 10 6 2 7 | Length: 31.810684591656077] [ Tour: 4 0 3 7 11 9 5 1 10 6 2 8 | Length: 35.012581805104034] [ Tour: 5 1 0 4 8 11 7 3 10 6 2 9 | Length: 32.08403811325377] [ Tour: 11 7 3 0 4 8 9 5 1 6 2 10 | Length: 31.81068459165608] [ Tour: 7 3 0 4 8 9 5 1 10 6 2 11 | Length: 32.08403811325377]) >[2], 0.002828
Compare TSP_51([ Tour: 4 8 9 5 1 2 6 10 11 7 3 0 | Length: 31.313708498984763] [ Tour: 5 9 2 6 10 8 4 0 11 7 3 1 | Length: 36.22617373698473] [ Tour: 6 10 9 5 1 0 4 8 11 7 3 2 | Length: 31.313708498984763] [ Tour: 0 8 9 5 1 2 6 10 11 7 3 4 | Length: 31.810684591656077] [ Tour: 1 9 2 6 10 8 4 0 11 7 3 5 | Length: 36.22617373698472] [ Tour: 2 10 9 5 1 0 4 8 11 7 3 6 | Length: 31.810684591656077] [ Tour: 11 10 6 2 1 5 9 8 4 0 3 7 | Length: 31.313708498984763] [ Tour: 4 0 1 5 9 10 6 2 11 7 3 8 | Length: 32.08403811325377] [ Tour: 5 1 2 6 10 8 4 0 11 7 3 9 | Length: 35.012581805104034] [ Tour: 6 2 9 5 1 0 4 8 11 7 3 10 | Length: 32.08403811325377] [ Tour: 10 6 2 1 5 9 8 4 0 7 3 11 | Length: 31.81068459165608]) >[2], 0.002782
Compare TSP_63([ Tour: 3 7 11 10 6 2 1 5 9 8 4 0 | Length: 31.313708498984766] [ Tour: 5 9 10 6 2 3 7 11 8 0 4 1 | Length: 31.810684591656077] [ Tour: 6 10 3 7 11 9 5 1 8 0 4 2 | Length: 36.22617373698473] [ Tour: 7 11 10 6 2 1 5 9 8 0 4 3 | Length: 31.810684591656077] [ Tour: 1 9 10 6 2 3 7 11 8 0 4 5 | Length: 32.14213562373095] [ Tour: 2 10 3 7 11 9 5 1 8 0 4 6 | Length: 36.22617373698472] [ Tour: 3 11 10 6 2 1 5 9 8 0 4 7 | Length: 32.14213562373095] [ Tour: 11 7 3 2 6 10 9 5 1 0 4 8 | Length: 31.313708498984766] [ Tour: 5 1 2 6 10 11 7 3 8 0 4 9 | Length: 32.23619249411002] [ Tour: 6 2 3 7 11 9 5 1 8 0 4 10 | Length: 35.012581805104034] [ Tour: 7 3 10 6 2 1 5 9 8 0 4 11 | Length: 32.23619249411002]) >[2], 0.002853
Compare TSP_75([ Tour: 4 8 11 7 3 2 6 10 9 1 5 0 | Length: 31.810684591656077] [ Tour: 0 4 8 11 7 3 2 6 10 9 5 1 | Length: 31.313708498984766] [ Tour: 6 10 11 7 3 0 4 8 9 1 5 2 | Length: 31.810684591656077] [ Tour: 7 11 2 6 10 8 4 0 9 1 5 3 | Length: 36.22617373698473] [ Tour: 0 8 11 7 3 2 6 10 9 1 5 4 | Length: 32.14213562373095] [ Tour: 2 10 11 7 3 0 4 8 9 1 5 6 | Length: 32.14213562373095] [ Tour: 3 11 2 6 10 8 4 0 9 1 5 7 | Length: 36.22617373698472] [ Tour: 4 0 11 7 3 2 6 10 9 1 5 8 | Length: 32.23619249411002] [ Tour: 8 4 0 3 7 11 10 6 2 1 5 9 | Length: 31.313708498984766] [ Tour: 6 2 11 7 3 0 4 8 9 1 5 10 | Length: 32.23619249411002] [ Tour: 7 3 2 6 10 8 4 0 9 1 5 11 | Length: 35.012581805104034]) >[2], 0.00299
Compare TSP_87([ Tour: 4 8 9 5 1 2 6 10 11 3 7 0 | Length: 31.810684591656077] [ Tour: 5 9 2 6 10 8 4 0 11 3 7 1 | Length: 36.22617373698473] [ Tour: 6 10 9 5 1 0 4 8 11 3 7 2 | Length: 31.810684591656077] [ Tour: 2 6 10 9 5 1 0 4 8 11 7 3 | Length: 31.313708498984766] [ Tour: 0 8 9 5 1 2 6 10 11 3 7 4 | Length: 32.14213562373095] [ Tour: 1 9 2 6 10 8 4 0 11 3 7 5 | Length: 36.22617373698472] [ Tour: 2 10 9 5 1 0 4 8 11 3 7 6 | Length: 32.14213562373095] [ Tour: 4 0 1 5 9 10 6 2 11 3 7 8 | Length: 32.23619249411002] [ Tour: 5 1 2 6 10 8 4 0 11 3 7 9 | Length: 35.012581805104034] [ Tour: 6 2 9 5 1 0 4 8 11 3 7 10 | Length: 32.23619249411002] [ Tour: 10 6 2 1 5 9 8 4 0 3 7 11 | Length: 31.313708498984766]) >[2], 0.002924
Compare TSP_99([ Tour: 4 8 3 7 11 9 5 1 10 2 6 0 | Length: 36.22617373698473] [ Tour: 5 9 8 4 0 3 7 11 10 2 6 1 | Length: 31.810684591656077] [ Tour: 3 7 11 8 4 0 1 5 9 10 6 2 | Length: 31.313708498984766] [ Tour: 7 11 8 4 0 1 5 9 10 2 6 3 | Length: 31.810684591656077] [ Tour: 0 8 3 7 11 9 5 1 10 2 6 4 | Length: 36.22617373698472] [ Tour: 1 9 8 4 0 3 7 11 10 2 6 5 | Length: 32.14213562373095] [ Tour: 3 11 8 4 0 1 5 9 10 2 6 7 | Length: 32.14213562373095] [ Tour: 4 0 3 7 11 9 5 1 10 2 6 8 | Length: 35.012581805104034] [ Tour: 5 1 0 4 8 11 7 3 10 2 6 9 | Length: 32.23619249411002] [ Tour: 11 7 3 0 4 8 9 5 1 2 6 10 | Length: 31.313708498984766] [ Tour: 7 3 0 4 8 9 5 1 10 2 6 11 | Length: 32.23619249411002]) >[2], 0.002894
Compare TSP_111([ Tour: 4 3 7 11 10 6 2 1 5 9 8 0 | Length: 31.81068459165608] [ Tour: 5 9 10 6 2 11 7 3 0 4 8 1 | Length: 32.08403811325377] [ Tour: 6 10 3 7 11 9 5 1 0 4 8 2 | Length: 35.012581805104034] [ Tour: 7 11 10 6 2 9 5 1 0 4 8 3 | Length: 32.08403811325377] [ Tour: 0 3 7 11 10 6 2 1 5 9 8 4 | Length: 31.313708498984766] [ Tour: 1 9 10 6 2 11 7 3 0 4 8 5 | Length: 32.23619249411002] [ Tour: 2 10 3 7 11 9 5 1 0 4 8 6 | Length: 35.01258180510403] [ Tour: 3 11 10 6 2 9 5 1 0 4 8 7 | Length: 32.23619249411002] [ Tour: 5 1 2 6 10 11 7 3 0 4 8 9 | Length: 31.313708498984763] [ Tour: 6 2 3 7 11 9 5 1 0 4 8 10 | Length: 33.798989873223334] [ Tour: 7 3 2 6 10 9 5 1 0 4 8 11 | Length: 31.313708498984763]) >[2], 0.002791
Compare TSP_123([ Tour: 4 8 11 7 3 10 6 2 1 5 9 0 | Length: 32.08403811325377] [ Tour: 5 0 4 8 11 7 3 2 6 10 9 1 | Length: 31.81068459165608] [ Tour: 6 10 11 7 3 8 4 0 1 5 9 2 | Length: 32.08403811325377] [ Tour: 7 11 2 6 10 8 4 0 1 5 9 3 | Length: 35.012581805104034] [ Tour: 0 8 11 7 3 10 6 2 1 5 9 4 | Length: 32.23619249411002] [ Tour: 1 0 4 8 11 7 3 2 6 10 9 5 | Length: 31.313708498984766] [ Tour: 2 10 11 7 3 8 4 0 1 5 9 6 | Length: 32.23619249411002] [ Tour: 3 11 2 6 10 8 4 0 1 5 9 7 | Length: 35.01258180510403] [ Tour: 4 0 3 7 11 10 6 2 1 5 9 8 | Length: 31.313708498984763] [ Tour: 6 2 3 7 11 8 4 0 1 5 9 10 | Length: 31.313708498984763] [ Tour: 7 3 2 6 10 8 4 0 1 5 9 11 | Length: 33.798989873223334]) >[2], 0.00287
Compare TSP_135([ Tour: 4 8 3 7 11 9 5 1 2 6 10 0 | Length: 35.012581805104034] [ Tour: 5 9 8 4 0 11 7 3 2 6 10 1 | Length: 32.08403811325377] [ Tour: 6 3 7 11 8 4 0 1 5 9 10 2 | Length: 31.81068459165608] [ Tour: 7 11 8 4 0 9 5 1 2 6 10 3 | Length: 32.08403811325377] [ Tour: 0 8 3 7 11 9 5 1 2 6 10 4 | Length: 35.01258180510403] [ Tour: 1 9 8 4 0 11 7 3 2 6 10 5 | Length: 32.23619249411002] [ Tour: 2 3 7 11 8 4 0 1 5 9 10 6 | Length: 31.313708498984766] [ Tour: 3 11 8 4 0 9 5 1 2 6 10 7 | Length: 32.23619249411002] [ Tour: 4 0 3 7 11 9 5 1 2 6 10 8 | Length: 33.798989873223334] [ Tour: 5 1 0 4 8 11 7 3 2 6 10 9 | Length: 31.313708498984763] [ Tour: 7 3 0 4 8 9 5 1 2 6 10 11 | Length: 31.313708498984763]) >[2], 0.002905
TSP_158([[D@592e4ff9 [11, 10] [0, 1, 2, 3, 4, 5, 6, 7, 8, 9]) >[147], 490.655482
Compare TSP_147([ Tour: 4 8 9 5 1 10 6 2 3 7 11 0 | Length: 32.08403811325377] [ Tour: 5 9 2 6 10 8 4 0 3 7 11 1 | Length: 35.012581805104034] [ Tour: 6 10 9 5 1 8 4 0 3 7 11 2 | Length: 32.08403811325377] [ Tour: 7 2 6 10 9 5 1 0 4 8 11 3 | Length: 31.81068459165608] [ Tour: 0 8 9 5 1 10 6 2 3 7 11 4 | Length: 32.23619249411002] [ Tour: 1 9 2 6 10 8 4 0 3 7 11 5 | Length: 35.01258180510403] [ Tour: 2 10 9 5 1 8 4 0 3 7 11 6 | Length: 32.23619249411002] [ Tour: 3 2 6 10 9 5 1 0 4 8 11 7 | Length: 31.313708498984766] [ Tour: 4 0 1 5 9 10 6 2 3 7 11 8 | Length: 31.313708498984763] [ Tour: 5 1 2 6 10 8 4 0 3 7 11 9 | Length: 33.798989873223334] [ Tour: 6 2 1 5 9 8 4 0 3 7 11 10 | Length: 31.313708498984763]) >[2], 0.014678
Compare TSP_2([ Tour: 5 9 10 6 2 3 7 11 8 4 0 1 | Length: 31.313708498984763] [ Tour: 4 8 11 7 3 2 6 10 9 5 1 0 | Length: 31.313708498984763] [ Tour: 5 9 8 4 0 3 7 11 10 6 2 1 | Length: 31.313708498984763] [ Tour: 4 8 9 5 1 2 6 10 11 7 3 0 | Length: 31.313708498984763] [ Tour: 3 7 11 10 6 2 1 5 9 8 4 0 | Length: 31.313708498984766] [ Tour: 0 4 8 11 7 3 2 6 10 9 5 1 | Length: 31.313708498984766] [ Tour: 5 9 8 4 0 3 7 11 10 2 6 1 | Length: 31.810684591656077] [ Tour: 4 8 9 5 1 2 6 10 11 3 7 0 | Length: 31.810684591656077] [ Tour: 4 3 7 11 10 6 2 1 5 9 8 0 | Length: 31.81068459165608] [ Tour: 5 0 4 8 11 7 3 2 6 10 9 1 | Length: 31.81068459165608] [ Tour: 5 9 8 4 0 11 7 3 2 6 10 1 | Length: 32.08403811325377] [ Tour: 4 8 9 5 1 10 6 2 3 7 11 0 | Length: 32.08403811325377]) >[0], 0.005556
Client Total,39509.033984

