Component, Time (ms)
Task, Run Time (ms)
TSP_1([[D@3aa81019 [] [0, 1, 2, 3, 4, 5, 6, 7, 8, 9, 10, 11]) >[0], 4.435862
TSP_3([[D@3e478ad6 [0] [1, 2, 3, 4, 5, 6, 7, 8, 9, 10, 11]) >[2], 0.277735
TSP_4([[D@3e478ad6 [1] [0, 2, 3, 4, 5, 6, 7, 8, 9, 10, 11]) >[2], 0.260168
TSP_5([[D@3e478ad6 [2] [0, 1, 3, 4, 5, 6, 7, 8, 9, 10, 11]) >[2], 0.240357
TSP_6([[D@3e478ad6 [3] [0, 1, 2, 4, 5, 6, 7, 8, 9, 10, 11]) >[2], 0.224871
TSP_7([[D@3e478ad6 [4] [0, 1, 2, 3, 5, 6, 7, 8, 9, 10, 11]) >[2], 0.223309
TSP_8([[D@3e478ad6 [5] [0, 1, 2, 3, 4, 6, 7, 8, 9, 10, 11]) >[2], 0.221421
TSP_9([[D@3e478ad6 [6] [0, 1, 2, 3, 4, 5, 7, 8, 9, 10, 11]) >[2], 0.223673
TSP_10([[D@3e478ad6 [7] [0, 1, 2, 3, 4, 5, 6, 8, 9, 10, 11]) >[2], 0.222995
TSP_11([[D@3e478ad6 [8] [0, 1, 2, 3, 4, 5, 6, 7, 9, 10, 11]) >[2], 0.213533
TSP_12([[D@3e478ad6 [9] [0, 1, 2, 3, 4, 5, 6, 7, 8, 10, 11]) >[2], 0.241493
TSP_13([[D@3e478ad6 [10] [0, 1, 2, 3, 4, 5, 6, 7, 8, 9, 11]) >[2], 0.214153
TSP_14([[D@3e478ad6 [11] [0, 1, 2, 3, 4, 5, 6, 7, 8, 9, 10]) >[2], 0.17111
TSP_16([[D@4645801a [0, 1] [2, 3, 4, 5, 6, 7, 8, 9, 10, 11]) >[15], 984.405058
TSP_17([[D@4645801a [0, 2] [1, 3, 4, 5, 6, 7, 8, 9, 10, 11]) >[15], 591.605088
TSP_18([[D@4645801a [0, 3] [1, 2, 4, 5, 6, 7, 8, 9, 10, 11]) >[15], 664.745676
TSP_19([[D@4645801a [0, 4] [1, 2, 3, 5, 6, 7, 8, 9, 10, 11]) >[15], 735.759261
TSP_20([[D@4645801a [0, 5] [1, 2, 3, 4, 6, 7, 8, 9, 10, 11]) >[15], 717.448971
TSP_21([[D@4645801a [0, 6] [1, 2, 3, 4, 5, 7, 8, 9, 10, 11]) >[15], 734.911911
TSP_22([[D@4645801a [0, 7] [1, 2, 3, 4, 5, 6, 8, 9, 10, 11]) >[15], 690.403704
TSP_23([[D@4645801a [0, 8] [1, 2, 3, 4, 5, 6, 7, 9, 10, 11]) >[15], 696.659485
TSP_24([[D@4645801a [0, 9] [1, 2, 3, 4, 5, 6, 7, 8, 10, 11]) >[15], 730.936179
TSP_25([[D@4645801a [0, 10] [1, 2, 3, 4, 5, 6, 7, 8, 9, 11]) >[15], 687.93206
TSP_26([[D@4645801a [0, 11] [1, 2, 3, 4, 5, 6, 7, 8, 9, 10]) >[15], 802.493343
TSP_28([[D@7047da9b [1, 0] [2, 3, 4, 5, 6, 7, 8, 9, 10, 11]) >[27], 704.970033
TSP_29([[D@7047da9b [1, 2] [0, 3, 4, 5, 6, 7, 8, 9, 10, 11]) >[27], 636.962046
TSP_30([[D@7047da9b [1, 3] [0, 2, 4, 5, 6, 7, 8, 9, 10, 11]) >[27], 675.254661
TSP_31([[D@7047da9b [1, 4] [0, 2, 3, 5, 6, 7, 8, 9, 10, 11]) >[27], 693.098091
TSP_32([[D@7047da9b [1, 5] [0, 2, 3, 4, 6, 7, 8, 9, 10, 11]) >[27], 669.944546
TSP_33([[D@7047da9b [1, 6] [0, 2, 3, 4, 5, 7, 8, 9, 10, 11]) >[27], 732.754912
TSP_34([[D@7047da9b [1, 7] [0, 2, 3, 4, 5, 6, 8, 9, 10, 11]) >[27], 678.488832
TSP_35([[D@7047da9b [1, 8] [0, 2, 3, 4, 5, 6, 7, 9, 10, 11]) >[27], 728.055707
TSP_36([[D@7047da9b [1, 9] [0, 2, 3, 4, 5, 6, 7, 8, 10, 11]) >[27], 708.359434
TSP_37([[D@7047da9b [1, 10] [0, 2, 3, 4, 5, 6, 7, 8, 9, 11]) >[27], 705.619749
TSP_38([[D@7047da9b [1, 11] [0, 2, 3, 4, 5, 6, 7, 8, 9, 10]) >[27], 814.403783
TSP_40([[D@213e9853 [2, 0] [1, 3, 4, 5, 6, 7, 8, 9, 10, 11]) >[39], 733.516356
TSP_41([[D@213e9853 [2, 1] [0, 3, 4, 5, 6, 7, 8, 9, 10, 11]) >[39], 729.468008
TSP_42([[D@213e9853 [2, 3] [0, 1, 4, 5, 6, 7, 8, 9, 10, 11]) >[39], 681.182717
TSP_43([[D@213e9853 [2, 4] [0, 1, 3, 5, 6, 7, 8, 9, 10, 11]) >[39], 770.045013
TSP_44([[D@213e9853 [2, 5] [0, 1, 3, 4, 6, 7, 8, 9, 10, 11]) >[39], 699.79179
TSP_45([[D@213e9853 [2, 6] [0, 1, 3, 4, 5, 7, 8, 9, 10, 11]) >[39], 672.971675
TSP_46([[D@213e9853 [2, 7] [0, 1, 3, 4, 5, 6, 8, 9, 10, 11]) >[39], 821.479643
TSP_47([[D@213e9853 [2, 8] [0, 1, 3, 4, 5, 6, 7, 9, 10, 11]) >[39], 608.743818
TSP_48([[D@213e9853 [2, 9] [0, 1, 3, 4, 5, 6, 7, 8, 10, 11]) >[39], 740.289553
TSP_49([[D@213e9853 [2, 10] [0, 1, 3, 4, 5, 6, 7, 8, 9, 11]) >[39], 660.478327
TSP_50([[D@213e9853 [2, 11] [0, 1, 3, 4, 5, 6, 7, 8, 9, 10]) >[39], 563.849837
TSP_52([[D@6645d9b1 [3, 0] [1, 2, 4, 5, 6, 7, 8, 9, 10, 11]) >[51], 668.698026
TSP_53([[D@6645d9b1 [3, 1] [0, 2, 4, 5, 6, 7, 8, 9, 10, 11]) >[51], 709.28921
TSP_54([[D@6645d9b1 [3, 2] [0, 1, 4, 5, 6, 7, 8, 9, 10, 11]) >[51], 643.127941
TSP_55([[D@6645d9b1 [3, 4] [0, 1, 2, 5, 6, 7, 8, 9, 10, 11]) >[51], 661.885357
TSP_56([[D@6645d9b1 [3, 5] [0, 1, 2, 4, 6, 7, 8, 9, 10, 11]) >[51], 579.721591
TSP_57([[D@6645d9b1 [3, 6] [0, 1, 2, 4, 5, 7, 8, 9, 10, 11]) >[51], 701.297539
TSP_58([[D@6645d9b1 [3, 7] [0, 1, 2, 4, 5, 6, 8, 9, 10, 11]) >[51], 662.18523
TSP_59([[D@6645d9b1 [3, 8] [0, 1, 2, 4, 5, 6, 7, 9, 10, 11]) >[51], 666.30169
TSP_60([[D@6645d9b1 [3, 9] [0, 1, 2, 4, 5, 6, 7, 8, 10, 11]) >[51], 687.930816
TSP_61([[D@6645d9b1 [3, 10] [0, 1, 2, 4, 5, 6, 7, 8, 9, 11]) >[51], 759.430918
TSP_62([[D@6645d9b1 [3, 11] [0, 1, 2, 4, 5, 6, 7, 8, 9, 10]) >[51], 659.060387
TSP_64([[D@4373e7e5 [4, 0] [1, 2, 3, 5, 6, 7, 8, 9, 10, 11]) >[63], 696.73668
TSP_65([[D@4373e7e5 [4, 1] [0, 2, 3, 5, 6, 7, 8, 9, 10, 11]) >[63], 773.235362
TSP_66([[D@4373e7e5 [4, 2] [0, 1, 3, 5, 6, 7, 8, 9, 10, 11]) >[63], 760.10393
TSP_67([[D@4373e7e5 [4, 3] [0, 1, 2, 5, 6, 7, 8, 9, 10, 11]) >[63], 592.545718
TSP_68([[D@4373e7e5 [4, 5] [0, 1, 2, 3, 6, 7, 8, 9, 10, 11]) >[63], 673.298621
TSP_69([[D@4373e7e5 [4, 6] [0, 1, 2, 3, 5, 7, 8, 9, 10, 11]) >[63], 655.629672
TSP_70([[D@4373e7e5 [4, 7] [0, 1, 2, 3, 5, 6, 8, 9, 10, 11]) >[63], 745.562974
TSP_71([[D@4373e7e5 [4, 8] [0, 1, 2, 3, 5, 6, 7, 9, 10, 11]) >[63], 730.790175
TSP_72([[D@4373e7e5 [4, 9] [0, 1, 2, 3, 5, 6, 7, 8, 10, 11]) >[63], 770.605941
TSP_73([[D@4373e7e5 [4, 10] [0, 1, 2, 3, 5, 6, 7, 8, 9, 11]) >[63], 632.659506
TSP_74([[D@4373e7e5 [4, 11] [0, 1, 2, 3, 5, 6, 7, 8, 9, 10]) >[63], 607.240435
TSP_76([[D@76653b8e [5, 0] [1, 2, 3, 4, 6, 7, 8, 9, 10, 11]) >[75], 686.442969
TSP_77([[D@76653b8e [5, 1] [0, 2, 3, 4, 6, 7, 8, 9, 10, 11]) >[75], 631.893671
TSP_78([[D@76653b8e [5, 2] [0, 1, 3, 4, 6, 7, 8, 9, 10, 11]) >[75], 676.849077
TSP_79([[D@76653b8e [5, 3] [0, 1, 2, 4, 6, 7, 8, 9, 10, 11]) >[75], 642.337426
TSP_80([[D@76653b8e [5, 4] [0, 1, 2, 3, 6, 7, 8, 9, 10, 11]) >[75], 644.566772
TSP_81([[D@76653b8e [5, 6] [0, 1, 2, 3, 4, 7, 8, 9, 10, 11]) >[75], 727.887836
TSP_82([[D@76653b8e [5, 7] [0, 1, 2, 3, 4, 6, 8, 9, 10, 11]) >[75], 762.520264
TSP_83([[D@76653b8e [5, 8] [0, 1, 2, 3, 4, 6, 7, 9, 10, 11]) >[75], 789.881146
TSP_84([[D@76653b8e [5, 9] [0, 1, 2, 3, 4, 6, 7, 8, 10, 11]) >[75], 776.267308
TSP_85([[D@76653b8e [5, 10] [0, 1, 2, 3, 4, 6, 7, 8, 9, 11]) >[75], 795.559875
TSP_86([[D@76653b8e [5, 11] [0, 1, 2, 3, 4, 6, 7, 8, 9, 10]) >[75], 743.631451
TSP_88([[D@fcae6af [6, 0] [1, 2, 3, 4, 5, 7, 8, 9, 10, 11]) >[87], 664.242246
TSP_89([[D@fcae6af [6, 1] [0, 2, 3, 4, 5, 7, 8, 9, 10, 11]) >[87], 745.23636
TSP_90([[D@fcae6af [6, 2] [0, 1, 3, 4, 5, 7, 8, 9, 10, 11]) >[87], 674.10796
TSP_91([[D@fcae6af [6, 3] [0, 1, 2, 4, 5, 7, 8, 9, 10, 11]) >[87], 780.055316
TSP_92([[D@fcae6af [6, 4] [0, 1, 2, 3, 5, 7, 8, 9, 10, 11]) >[87], 702.240092
TSP_93([[D@fcae6af [6, 5] [0, 1, 2, 3, 4, 7, 8, 9, 10, 11]) >[87], 615.622835
TSP_94([[D@fcae6af [6, 7] [0, 1, 2, 3, 4, 5, 8, 9, 10, 11]) >[87], 745.679987
TSP_95([[D@fcae6af [6, 8] [0, 1, 2, 3, 4, 5, 7, 9, 10, 11]) >[87], 693.432652
TSP_96([[D@fcae6af [6, 9] [0, 1, 2, 3, 4, 5, 7, 8, 10, 11]) >[87], 690.824369
TSP_97([[D@fcae6af [6, 10] [0, 1, 2, 3, 4, 5, 7, 8, 9, 11]) >[87], 678.69889
TSP_98([[D@fcae6af [6, 11] [0, 1, 2, 3, 4, 5, 7, 8, 9, 10]) >[87], 578.084282
TSP_100([[D@3bd92abb [7, 0] [1, 2, 3, 4, 5, 6, 8, 9, 10, 11]) >[99], 612.89536
TSP_101([[D@3bd92abb [7, 1] [0, 2, 3, 4, 5, 6, 8, 9, 10, 11]) >[99], 726.35494
TSP_102([[D@3bd92abb [7, 2] [0, 1, 3, 4, 5, 6, 8, 9, 10, 11]) >[99], 758.498973
TSP_103([[D@3bd92abb [7, 3] [0, 1, 2, 4, 5, 6, 8, 9, 10, 11]) >[99], 681.238292
TSP_104([[D@3bd92abb [7, 4] [0, 1, 2, 3, 5, 6, 8, 9, 10, 11]) >[99], 638.236389
TSP_105([[D@3bd92abb [7, 5] [0, 1, 2, 3, 4, 6, 8, 9, 10, 11]) >[99], 563.283066
TSP_106([[D@3bd92abb [7, 6] [0, 1, 2, 3, 4, 5, 8, 9, 10, 11]) >[99], 740.991437
TSP_107([[D@3bd92abb [7, 8] [0, 1, 2, 3, 4, 5, 6, 9, 10, 11]) >[99], 618.150318
TSP_108([[D@3bd92abb [7, 9] [0, 1, 2, 3, 4, 5, 6, 8, 10, 11]) >[99], 527.479934
TSP_109([[D@3bd92abb [7, 10] [0, 1, 2, 3, 4, 5, 6, 8, 9, 11]) >[99], 572.962468
TSP_110([[D@3bd92abb [7, 11] [0, 1, 2, 3, 4, 5, 6, 8, 9, 10]) >[99], 547.018586
TSP_112([[D@1b80fd99 [8, 0] [1, 2, 3, 4, 5, 6, 7, 9, 10, 11]) >[111], 705.602813
TSP_113([[D@1b80fd99 [8, 1] [0, 2, 3, 4, 5, 6, 7, 9, 10, 11]) >[111], 794.936886
TSP_114([[D@1b80fd99 [8, 2] [0, 1, 3, 4, 5, 6, 7, 9, 10, 11]) >[111], 641.832067
TSP_115([[D@1b80fd99 [8, 3] [0, 1, 2, 4, 5, 6, 7, 9, 10, 11]) >[111], 599.751068
TSP_116([[D@1b80fd99 [8, 4] [0, 1, 2, 3, 5, 6, 7, 9, 10, 11]) >[111], 667.791767
TSP_117([[D@1b80fd99 [8, 5] [0, 1, 2, 3, 4, 6, 7, 9, 10, 11]) >[111], 746.936738
TSP_118([[D@1b80fd99 [8, 6] [0, 1, 2, 3, 4, 5, 7, 9, 10, 11]) >[111], 644.793434
TSP_119([[D@1b80fd99 [8, 7] [0, 1, 2, 3, 4, 5, 6, 9, 10, 11]) >[111], 710.977336
TSP_120([[D@1b80fd99 [8, 9] [0, 1, 2, 3, 4, 5, 6, 7, 10, 11]) >[111], 708.408344
TSP_121([[D@1b80fd99 [8, 10] [0, 1, 2, 3, 4, 5, 6, 7, 9, 11]) >[111], 724.914195
TSP_122([[D@1b80fd99 [8, 11] [0, 1, 2, 3, 4, 5, 6, 7, 9, 10]) >[111], 648.140118
TSP_124([[D@69b95c3a [9, 0] [1, 2, 3, 4, 5, 6, 7, 8, 10, 11]) >[123], 618.67393
TSP_125([[D@69b95c3a [9, 1] [0, 2, 3, 4, 5, 6, 7, 8, 10, 11]) >[123], 725.51089
TSP_126([[D@69b95c3a [9, 2] [0, 1, 3, 4, 5, 6, 7, 8, 10, 11]) >[123], 729.554244
TSP_127([[D@69b95c3a [9, 3] [0, 1, 2, 4, 5, 6, 7, 8, 10, 11]) >[123], 723.339678
TSP_128([[D@69b95c3a [9, 4] [0, 1, 2, 3, 5, 6, 7, 8, 10, 11]) >[123], 768.570189
TSP_129([[D@69b95c3a [9, 5] [0, 1, 2, 3, 4, 6, 7, 8, 10, 11]) >[123], 689.694045
TSP_130([[D@69b95c3a [9, 6] [0, 1, 2, 3, 4, 5, 7, 8, 10, 11]) >[123], 727.941255
TSP_131([[D@69b95c3a [9, 7] [0, 1, 2, 3, 4, 5, 6, 8, 10, 11]) >[123], 774.386594
TSP_132([[D@69b95c3a [9, 8] [0, 1, 2, 3, 4, 5, 6, 7, 10, 11]) >[123], 588.873245
TSP_133([[D@69b95c3a [9, 10] [0, 1, 2, 3, 4, 5, 6, 7, 8, 11]) >[123], 695.530605
TSP_134([[D@69b95c3a [9, 11] [0, 1, 2, 3, 4, 5, 6, 7, 8, 10]) >[123], 675.724802
TSP_136([[D@787bd4fa [10, 0] [1, 2, 3, 4, 5, 6, 7, 8, 9, 11]) >[135], 741.688995
TSP_137([[D@787bd4fa [10, 1] [0, 2, 3, 4, 5, 6, 7, 8, 9, 11]) >[135], 729.435362
TSP_138([[D@787bd4fa [10, 2] [0, 1, 3, 4, 5, 6, 7, 8, 9, 11]) >[135], 670.898811
TSP_139([[D@787bd4fa [10, 3] [0, 1, 2, 4, 5, 6, 7, 8, 9, 11]) >[135], 763.832253
TSP_140([[D@787bd4fa [10, 4] [0, 1, 2, 3, 5, 6, 7, 8, 9, 11]) >[135], 727.389274
TSP_141([[D@787bd4fa [10, 5] [0, 1, 2, 3, 4, 6, 7, 8, 9, 11]) >[135], 688.684299
TSP_142([[D@787bd4fa [10, 6] [0, 1, 2, 3, 4, 5, 7, 8, 9, 11]) >[135], 744.444634
TSP_143([[D@787bd4fa [10, 7] [0, 1, 2, 3, 4, 5, 6, 8, 9, 11]) >[135], 787.631166
TSP_144([[D@787bd4fa [10, 8] [0, 1, 2, 3, 4, 5, 6, 7, 9, 11]) >[135], 747.964977
TSP_145([[D@787bd4fa [10, 9] [0, 1, 2, 3, 4, 5, 6, 7, 8, 11]) >[135], 666.682478
TSP_146([[D@787bd4fa [10, 11] [0, 1, 2, 3, 4, 5, 6, 7, 8, 9]) >[135], 701.298934
TSP_148([[D@202b723c [11, 0] [1, 2, 3, 4, 5, 6, 7, 8, 9, 10]) >[147], 751.496741
TSP_149([[D@202b723c [11, 1] [0, 2, 3, 4, 5, 6, 7, 8, 9, 10]) >[147], 700.432564
TSP_150([[D@202b723c [11, 2] [0, 1, 3, 4, 5, 6, 7, 8, 9, 10]) >[147], 676.976642
TSP_151([[D@202b723c [11, 3] [0, 1, 2, 4, 5, 6, 7, 8, 9, 10]) >[147], 753.247839
TSP_152([[D@202b723c [11, 4] [0, 1, 2, 3, 5, 6, 7, 8, 9, 10]) >[147], 669.142934
TSP_153([[D@202b723c [11, 5] [0, 1, 2, 3, 4, 6, 7, 8, 9, 10]) >[147], 748.883746
TSP_154([[D@202b723c [11, 6] [0, 1, 2, 3, 4, 5, 7, 8, 9, 10]) >[147], 663.469881
TSP_155([[D@202b723c [11, 7] [0, 1, 2, 3, 4, 5, 6, 8, 9, 10]) >[147], 755.099877
TSP_156([[D@202b723c [11, 8] [0, 1, 2, 3, 4, 5, 6, 7, 9, 10]) >[147], 718.888966
TSP_157([[D@202b723c [11, 9] [0, 1, 2, 3, 4, 5, 6, 7, 8, 10]) >[147], 760.348379
TSP_158([[D@202b723c [11, 10] [0, 1, 2, 3, 4, 5, 6, 7, 8, 9]) >[147], 730.408764
Compare TSP_15([ Tour: 5 9 10 6 2 3 7 11 8 4 0 1 | Length: 31.313708498984763] [ Tour: 6 10 3 7 11 9 5 1 8 4 0 2 | Length: 36.22617373698473] [ Tour: 7 11 10 6 2 1 5 9 8 4 0 3 | Length: 31.313708498984763] [ Tour: 8 11 7 3 2 6 10 9 5 1 0 4 | Length: 31.313708498984763] [ Tour: 1 9 10 6 2 3 7 11 8 4 0 5 | Length: 31.810684591656077] [ Tour: 2 10 3 7 11 9 5 1 8 4 0 6 | Length: 36.22617373698472] [ Tour: 3 11 10 6 2 1 5 9 8 4 0 7 | Length: 31.810684591656077] [ Tour: 11 7 3 2 6 10 9 5 1 4 0 8 | Length: 31.81068459165608] [ Tour: 5 1 2 6 10 11 7 3 8 4 0 9 | Length: 32.08403811325377] [ Tour: 6 2 3 7 11 9 5 1 8 4 0 10 | Length: 35.012581805104034] [ Tour: 7 3 10 6 2 1 5 9 8 4 0 11 | Length: 32.08403811325377]) >[2], 0.027632
Compare TSP_27([ Tour: 4 8 11 7 3 2 6 10 9 5 1 0 | Length: 31.313708498984763] [ Tour: 6 10 11 7 3 0 4 8 9 5 1 2 | Length: 31.313708498984763] [ Tour: 7 11 2 6 10 8 4 0 9 5 1 3 | Length: 36.22617373698473] [ Tour: 0 8 11 7 3 2 6 10 9 5 1 4 | Length: 31.810684591656077] [ Tour: 9 8 4 0 3 7 11 10 6 2 1 5 | Length: 31.313708498984763] [ Tour: 2 10 11 7 3 0 4 8 9 5 1 6 | Length: 31.810684591656077] [ Tour: 3 11 2 6 10 8 4 0 9 5 1 7 | Length: 36.22617373698472] [ Tour: 4 0 11 7 3 2 6 10 9 5 1 8 | Length: 32.08403811325377] [ Tour: 8 4 0 3 7 11 10 6 2 5 1 9 | Length: 31.81068459165608] [ Tour: 6 2 11 7 3 0 4 8 9 5 1 10 | Length: 32.08403811325377] [ Tour: 7 3 2 6 10 8 4 0 9 5 1 11 | Length: 35.012581805104034]) >[2], 0.004953
Compare TSP_39([ Tour: 4 8 3 7 11 9 5 1 10 6 2 0 | Length: 36.22617373698473] [ Tour: 5 9 8 4 0 3 7 11 10 6 2 1 | Length: 31.313708498984763] [ Tour: 7 11 8 4 0 1 5 9 10 6 2 3 | Length: 31.313708498984763] [ Tour: 0 8 3 7 11 9 5 1 10 6 2 4 | Length: 36.22617373698472] [ Tour: 1 9 8 4 0 3 7 11 10 6 2 5 | Length: 31.810684591656077] [ Tour: 10 11 7 3 0 4 8 9 5 1 2 6 | Length: 31.313708498984763] [ Tour: 3 11 8 4 0 1 5 9 10 6 2 7 | Length: 31.810684591656077] [ Tour: 4 0 3 7 11 9 5 1 10 6 2 8 | Length: 35.012581805104034] [ Tour: 5 1 0 4 8 11 7 3 10 6 2 9 | Length: 32.08403811325377] [ Tour: 11 7 3 0 4 8 9 5 1 6 2 10 | Length: 31.81068459165608] [ Tour: 7 3 0 4 8 9 5 1 10 6 2 11 | Length: 32.08403811325377]) >[2], 0.004695
Compare TSP_51([ Tour: 4 8 9 5 1 2 6 10 11 7 3 0 | Length: 31.313708498984763] [ Tour: 5 9 2 6 10 8 4 0 11 7 3 1 | Length: 36.22617373698473] [ Tour: 6 10 9 5 1 0 4 8 11 7 3 2 | Length: 31.313708498984763] [ Tour: 0 8 9 5 1 2 6 10 11 7 3 4 | Length: 31.810684591656077] [ Tour: 1 9 2 6 10 8 4 0 11 7 3 5 | Length: 36.22617373698472] [ Tour: 2 10 9 5 1 0 4 8 11 7 3 6 | Length: 31.810684591656077] [ Tour: 11 10 6 2 1 5 9 8 4 0 3 7 | Length: 31.313708498984763] [ Tour: 4 0 1 5 9 10 6 2 11 7 3 8 | Length: 32.08403811325377] [ Tour: 5 1 2 6 10 8 4 0 11 7 3 9 | Length: 35.012581805104034] [ Tour: 6 2 9 5 1 0 4 8 11 7 3 10 | Length: 32.08403811325377] [ Tour: 10 6 2 1 5 9 8 4 0 7 3 11 | Length: 31.81068459165608]) >[2], 0.004368
Compare TSP_63([ Tour: 3 7 11 10 6 2 1 5 9 8 4 0 | Length: 31.313708498984766] [ Tour: 5 9 10 6 2 3 7 11 8 0 4 1 | Length: 31.810684591656077] [ Tour: 6 10 3 7 11 9 5 1 8 0 4 2 | Length: 36.22617373698473] [ Tour: 7 11 10 6 2 1 5 9 8 0 4 3 | Length: 31.810684591656077] [ Tour: 1 9 10 6 2 3 7 11 8 0 4 5 | Length: 32.14213562373095] [ Tour: 2 10 3 7 11 9 5 1 8 0 4 6 | Length: 36.22617373698472] [ Tour: 3 11 10 6 2 1 5 9 8 0 4 7 | Length: 32.14213562373095] [ Tour: 11 7 3 2 6 10 9 5 1 0 4 8 | Length: 31.313708498984766] [ Tour: 5 1 2 6 10 11 7 3 8 0 4 9 | Length: 32.23619249411002] [ Tour: 6 2 3 7 11 9 5 1 8 0 4 10 | Length: 35.012581805104034] [ Tour: 7 3 10 6 2 1 5 9 8 0 4 11 | Length: 32.23619249411002]) >[2], 0.004023
Compare TSP_75([ Tour: 4 8 11 7 3 2 6 10 9 1 5 0 | Length: 31.810684591656077] [ Tour: 0 4 8 11 7 3 2 6 10 9 5 1 | Length: 31.313708498984766] [ Tour: 6 10 11 7 3 0 4 8 9 1 5 2 | Length: 31.810684591656077] [ Tour: 7 11 2 6 10 8 4 0 9 1 5 3 | Length: 36.22617373698473] [ Tour: 0 8 11 7 3 2 6 10 9 1 5 4 | Length: 32.14213562373095] [ Tour: 2 10 11 7 3 0 4 8 9 1 5 6 | Length: 32.14213562373095] [ Tour: 3 11 2 6 10 8 4 0 9 1 5 7 | Length: 36.22617373698472] [ Tour: 4 0 11 7 3 2 6 10 9 1 5 8 | Length: 32.23619249411002] [ Tour: 8 4 0 3 7 11 10 6 2 1 5 9 | Length: 31.313708498984766] [ Tour: 6 2 11 7 3 0 4 8 9 1 5 10 | Length: 32.23619249411002] [ Tour: 7 3 2 6 10 8 4 0 9 1 5 11 | Length: 35.012581805104034]) >[2], 0.004015
Compare TSP_87([ Tour: 4 8 3 7 11 9 5 1 10 2 6 0 | Length: 36.22617373698473] [ Tour: 5 9 8 4 0 3 7 11 10 2 6 1 | Length: 31.810684591656077] [ Tour: 3 7 11 8 4 0 1 5 9 10 6 2 | Length: 31.313708498984766] [ Tour: 7 11 8 4 0 1 5 9 10 2 6 3 | Length: 31.810684591656077] [ Tour: 0 8 3 7 11 9 5 1 10 2 6 4 | Length: 36.22617373698472] [ Tour: 1 9 8 4 0 3 7 11 10 2 6 5 | Length: 32.14213562373095] [ Tour: 3 11 8 4 0 1 5 9 10 2 6 7 | Length: 32.14213562373095] [ Tour: 4 0 3 7 11 9 5 1 10 2 6 8 | Length: 35.012581805104034] [ Tour: 5 1 0 4 8 11 7 3 10 2 6 9 | Length: 32.23619249411002] [ Tour: 11 7 3 0 4 8 9 5 1 2 6 10 | Length: 31.313708498984766] [ Tour: 7 3 0 4 8 9 5 1 10 2 6 11 | Length: 32.23619249411002]) >[2], 0.003738
Compare TSP_99([ Tour: 4 8 9 5 1 2 6 10 11 3 7 0 | Length: 31.810684591656077] [ Tour: 5 9 2 6 10 8 4 0 11 3 7 1 | Length: 36.22617373698473] [ Tour: 6 10 9 5 1 0 4 8 11 3 7 2 | Length: 31.810684591656077] [ Tour: 2 6 10 9 5 1 0 4 8 11 7 3 | Length: 31.313708498984766] [ Tour: 0 8 9 5 1 2 6 10 11 3 7 4 | Length: 32.14213562373095] [ Tour: 1 9 2 6 10 8 4 0 11 3 7 5 | Length: 36.22617373698472] [ Tour: 2 10 9 5 1 0 4 8 11 3 7 6 | Length: 32.14213562373095] [ Tour: 4 0 1 5 9 10 6 2 11 3 7 8 | Length: 32.23619249411002] [ Tour: 5 1 2 6 10 8 4 0 11 3 7 9 | Length: 35.012581805104034] [ Tour: 6 2 9 5 1 0 4 8 11 3 7 10 | Length: 32.23619249411002] [ Tour: 10 6 2 1 5 9 8 4 0 3 7 11 | Length: 31.313708498984766]) >[2], 0.003859
Compare TSP_111([ Tour: 4 3 7 11 10 6 2 1 5 9 8 0 | Length: 31.81068459165608] [ Tour: 5 9 10 6 2 11 7 3 0 4 8 1 | Length: 32.08403811325377] [ Tour: 6 10 3 7 11 9 5 1 0 4 8 2 | Length: 35.012581805104034] [ Tour: 7 11 10 6 2 9 5 1 0 4 8 3 | Length: 32.08403811325377] [ Tour: 0 3 7 11 10 6 2 1 5 9 8 4 | Length: 31.313708498984766] [ Tour: 1 9 10 6 2 11 7 3 0 4 8 5 | Length: 32.23619249411002] [ Tour: 2 10 3 7 11 9 5 1 0 4 8 6 | Length: 35.01258180510403] [ Tour: 3 11 10 6 2 9 5 1 0 4 8 7 | Length: 32.23619249411002] [ Tour: 5 1 2 6 10 11 7 3 0 4 8 9 | Length: 31.313708498984763] [ Tour: 6 2 3 7 11 9 5 1 0 4 8 10 | Length: 33.798989873223334] [ Tour: 7 3 2 6 10 9 5 1 0 4 8 11 | Length: 31.313708498984763]) >[2], 0.003746
Compare TSP_123([ Tour: 4 8 11 7 3 10 6 2 1 5 9 0 | Length: 32.08403811325377] [ Tour: 5 0 4 8 11 7 3 2 6 10 9 1 | Length: 31.81068459165608] [ Tour: 6 10 11 7 3 8 4 0 1 5 9 2 | Length: 32.08403811325377] [ Tour: 7 11 2 6 10 8 4 0 1 5 9 3 | Length: 35.012581805104034] [ Tour: 0 8 11 7 3 10 6 2 1 5 9 4 | Length: 32.23619249411002] [ Tour: 1 0 4 8 11 7 3 2 6 10 9 5 | Length: 31.313708498984766] [ Tour: 2 10 11 7 3 8 4 0 1 5 9 6 | Length: 32.23619249411002] [ Tour: 3 11 2 6 10 8 4 0 1 5 9 7 | Length: 35.01258180510403] [ Tour: 4 0 3 7 11 10 6 2 1 5 9 8 | Length: 31.313708498984763] [ Tour: 6 2 3 7 11 8 4 0 1 5 9 10 | Length: 31.313708498984763] [ Tour: 7 3 2 6 10 8 4 0 1 5 9 11 | Length: 33.798989873223334]) >[2], 0.003929
Compare TSP_135([ Tour: 4 8 3 7 11 9 5 1 2 6 10 0 | Length: 35.012581805104034] [ Tour: 5 9 8 4 0 11 7 3 2 6 10 1 | Length: 32.08403811325377] [ Tour: 6 3 7 11 8 4 0 1 5 9 10 2 | Length: 31.81068459165608] [ Tour: 7 11 8 4 0 9 5 1 2 6 10 3 | Length: 32.08403811325377] [ Tour: 0 8 3 7 11 9 5 1 2 6 10 4 | Length: 35.01258180510403] [ Tour: 1 9 8 4 0 11 7 3 2 6 10 5 | Length: 32.23619249411002] [ Tour: 2 3 7 11 8 4 0 1 5 9 10 6 | Length: 31.313708498984766] [ Tour: 3 11 8 4 0 9 5 1 2 6 10 7 | Length: 32.23619249411002] [ Tour: 4 0 3 7 11 9 5 1 2 6 10 8 | Length: 33.798989873223334] [ Tour: 5 1 0 4 8 11 7 3 2 6 10 9 | Length: 31.313708498984763] [ Tour: 7 3 0 4 8 9 5 1 2 6 10 11 | Length: 31.313708498984763]) >[2], 0.003979
Compare TSP_147([ Tour: 4 8 9 5 1 10 6 2 3 7 11 0 | Length: 32.08403811325377] [ Tour: 5 9 2 6 10 8 4 0 3 7 11 1 | Length: 35.012581805104034] [ Tour: 6 10 9 5 1 8 4 0 3 7 11 2 | Length: 32.08403811325377] [ Tour: 7 2 6 10 9 5 1 0 4 8 11 3 | Length: 31.81068459165608] [ Tour: 0 8 9 5 1 10 6 2 3 7 11 4 | Length: 32.23619249411002] [ Tour: 1 9 2 6 10 8 4 0 3 7 11 5 | Length: 35.01258180510403] [ Tour: 2 10 9 5 1 8 4 0 3 7 11 6 | Length: 32.23619249411002] [ Tour: 3 2 6 10 9 5 1 0 4 8 11 7 | Length: 31.313708498984766] [ Tour: 4 0 1 5 9 10 6 2 3 7 11 8 | Length: 31.313708498984763] [ Tour: 5 1 2 6 10 8 4 0 3 7 11 9 | Length: 33.798989873223334] [ Tour: 6 2 1 5 9 8 4 0 3 7 11 10 | Length: 31.313708498984763]) >[2], 0.003561
Compare TSP_2([ Tour: 5 9 10 6 2 3 7 11 8 4 0 1 | Length: 31.313708498984763] [ Tour: 4 8 11 7 3 2 6 10 9 5 1 0 | Length: 31.313708498984763] [ Tour: 5 9 8 4 0 3 7 11 10 6 2 1 | Length: 31.313708498984763] [ Tour: 4 8 9 5 1 2 6 10 11 7 3 0 | Length: 31.313708498984763] [ Tour: 3 7 11 10 6 2 1 5 9 8 4 0 | Length: 31.313708498984766] [ Tour: 0 4 8 11 7 3 2 6 10 9 5 1 | Length: 31.313708498984766] [ Tour: 5 9 8 4 0 3 7 11 10 2 6 1 | Length: 31.810684591656077] [ Tour: 4 8 9 5 1 2 6 10 11 3 7 0 | Length: 31.810684591656077] [ Tour: 4 3 7 11 10 6 2 1 5 9 8 0 | Length: 31.81068459165608] [ Tour: 5 0 4 8 11 7 3 2 6 10 9 1 | Length: 31.81068459165608] [ Tour: 5 9 8 4 0 11 7 3 2 6 10 1 | Length: 32.08403811325377] [ Tour: 4 8 9 5 1 10 6 2 3 7 11 0 | Length: 32.08403811325377]) >[0], 0.003812
Client Total,93211.939643

