Component, Time (ms)
TSP_1([[D@2282ab51 [] [0, 1, 2, 3, 4, 5, 6, 7, 8, 9, 10, 11]) >[0], 2.049
TSP_3([[D@2282ab51 [0] [1, 2, 3, 4, 5, 6, 7, 8, 9, 10, 11]) >[2], 0.268
TSP_4([[D@2282ab51 [1] [0, 2, 3, 4, 5, 6, 7, 8, 9, 10, 11]) >[2], 0.274
TSP_5([[D@2282ab51 [2] [0, 1, 3, 4, 5, 6, 7, 8, 9, 10, 11]) >[2], 0.259
TSP_6([[D@2282ab51 [3] [0, 1, 2, 4, 5, 6, 7, 8, 9, 10, 11]) >[2], 0.287
TSP_7([[D@2282ab51 [4] [0, 1, 2, 3, 5, 6, 7, 8, 9, 10, 11]) >[2], 0.253
TSP_8([[D@2282ab51 [5] [0, 1, 2, 3, 4, 6, 7, 8, 9, 10, 11]) >[2], 0.269
TSP_9([[D@2282ab51 [6] [0, 1, 2, 3, 4, 5, 7, 8, 9, 10, 11]) >[2], 0.26
TSP_10([[D@2282ab51 [7] [0, 1, 2, 3, 4, 5, 6, 8, 9, 10, 11]) >[2], 0.247
TSP_11([[D@2282ab51 [8] [0, 1, 2, 3, 4, 5, 6, 7, 9, 10, 11]) >[2], 0.256
TSP_12([[D@2282ab51 [9] [0, 1, 2, 3, 4, 5, 6, 7, 8, 10, 11]) >[2], 0.184
TSP_13([[D@2282ab51 [10] [0, 1, 2, 3, 4, 5, 6, 7, 8, 9, 11]) >[2], 0.267
TSP_14([[D@2282ab51 [11] [0, 1, 2, 3, 4, 5, 6, 7, 8, 9, 10]) >[2], 0.243
TSP_16([[D@2282ab51 [0, 1] [2, 3, 4, 5, 6, 7, 8, 9, 10, 11]) >[15], 1452.055
TSP_17([[D@2282ab51 [0, 2] [1, 3, 4, 5, 6, 7, 8, 9, 10, 11]) >[15], 924.088
TSP_18([[D@2282ab51 [0, 3] [1, 2, 4, 5, 6, 7, 8, 9, 10, 11]) >[15], 688.33
TSP_19([[D@2282ab51 [0, 4] [1, 2, 3, 5, 6, 7, 8, 9, 10, 11]) >[15], 890.399
TSP_20([[D@2282ab51 [0, 5] [1, 2, 3, 4, 6, 7, 8, 9, 10, 11]) >[15], 943.116
TSP_21([[D@2282ab51 [0, 6] [1, 2, 3, 4, 5, 7, 8, 9, 10, 11]) >[15], 891.588
TSP_22([[D@2282ab51 [0, 7] [1, 2, 3, 4, 5, 6, 8, 9, 10, 11]) >[15], 1433.376
TSP_23([[D@2282ab51 [0, 8] [1, 2, 3, 4, 5, 6, 7, 9, 10, 11]) >[15], 1206.573
TSP_24([[D@2282ab51 [0, 9] [1, 2, 3, 4, 5, 6, 7, 8, 10, 11]) >[15], 1316.708
TSP_25([[D@2282ab51 [0, 10] [1, 2, 3, 4, 5, 6, 7, 8, 9, 11]) >[15], 1001.081
TSP_26([[D@2282ab51 [0, 11] [1, 2, 3, 4, 5, 6, 7, 8, 9, 10]) >[15], 904.644
TSP_28([[D@2282ab51 [1, 0] [2, 3, 4, 5, 6, 7, 8, 9, 10, 11]) >[27], 806.923
TSP_29([[D@2282ab51 [1, 2] [0, 3, 4, 5, 6, 7, 8, 9, 10, 11]) >[27], 803.438
TSP_30([[D@2282ab51 [1, 3] [0, 2, 4, 5, 6, 7, 8, 9, 10, 11]) >[27], 882.909
TSP_31([[D@2282ab51 [1, 4] [0, 2, 3, 5, 6, 7, 8, 9, 10, 11]) >[27], 858.491
TSP_32([[D@2282ab51 [1, 5] [0, 2, 3, 4, 6, 7, 8, 9, 10, 11]) >[27], 789.539
TSP_33([[D@2282ab51 [1, 6] [0, 2, 3, 4, 5, 7, 8, 9, 10, 11]) >[27], 810.195
TSP_34([[D@2282ab51 [1, 7] [0, 2, 3, 4, 5, 6, 8, 9, 10, 11]) >[27], 749.876
TSP_35([[D@2282ab51 [1, 8] [0, 2, 3, 4, 5, 6, 7, 9, 10, 11]) >[27], 776.563
TSP_36([[D@2282ab51 [1, 9] [0, 2, 3, 4, 5, 6, 7, 8, 10, 11]) >[27], 810.426
TSP_37([[D@2282ab51 [1, 10] [0, 2, 3, 4, 5, 6, 7, 8, 9, 11]) >[27], 826.976
TSP_38([[D@2282ab51 [1, 11] [0, 2, 3, 4, 5, 6, 7, 8, 9, 10]) >[27], 1185.058
TSP_40([[D@2282ab51 [2, 0] [1, 3, 4, 5, 6, 7, 8, 9, 10, 11]) >[39], 975.306
TSP_41([[D@2282ab51 [2, 1] [0, 3, 4, 5, 6, 7, 8, 9, 10, 11]) >[39], 1028.647
TSP_42([[D@2282ab51 [2, 3] [0, 1, 4, 5, 6, 7, 8, 9, 10, 11]) >[39], 916.071
TSP_43([[D@2282ab51 [2, 4] [0, 1, 3, 5, 6, 7, 8, 9, 10, 11]) >[39], 1070.893
TSP_44([[D@2282ab51 [2, 5] [0, 1, 3, 4, 6, 7, 8, 9, 10, 11]) >[39], 1016.797
TSP_45([[D@2282ab51 [2, 6] [0, 1, 3, 4, 5, 7, 8, 9, 10, 11]) >[39], 939.537
TSP_46([[D@2282ab51 [2, 7] [0, 1, 3, 4, 5, 6, 8, 9, 10, 11]) >[39], 963.697
TSP_47([[D@2282ab51 [2, 8] [0, 1, 3, 4, 5, 6, 7, 9, 10, 11]) >[39], 906.157
TSP_48([[D@2282ab51 [2, 9] [0, 1, 3, 4, 5, 6, 7, 8, 10, 11]) >[39], 864.708
TSP_49([[D@2282ab51 [2, 10] [0, 1, 3, 4, 5, 6, 7, 8, 9, 11]) >[39], 867.105
TSP_50([[D@2282ab51 [2, 11] [0, 1, 3, 4, 5, 6, 7, 8, 9, 10]) >[39], 863.288
TSP_52([[D@2282ab51 [3, 0] [1, 2, 4, 5, 6, 7, 8, 9, 10, 11]) >[51], 857.625
TSP_53([[D@2282ab51 [3, 1] [0, 2, 4, 5, 6, 7, 8, 9, 10, 11]) >[51], 826.509
TSP_54([[D@2282ab51 [3, 2] [0, 1, 4, 5, 6, 7, 8, 9, 10, 11]) >[51], 878.889
TSP_55([[D@2282ab51 [3, 4] [0, 1, 2, 5, 6, 7, 8, 9, 10, 11]) >[51], 841.295
TSP_56([[D@2282ab51 [3, 5] [0, 1, 2, 4, 6, 7, 8, 9, 10, 11]) >[51], 826.758
TSP_57([[D@2282ab51 [3, 6] [0, 1, 2, 4, 5, 7, 8, 9, 10, 11]) >[51], 809.223
TSP_58([[D@2282ab51 [3, 7] [0, 1, 2, 4, 5, 6, 8, 9, 10, 11]) >[51], 848.169
TSP_59([[D@2282ab51 [3, 8] [0, 1, 2, 4, 5, 6, 7, 9, 10, 11]) >[51], 834.944
TSP_60([[D@2282ab51 [3, 9] [0, 1, 2, 4, 5, 6, 7, 8, 10, 11]) >[51], 869.321
TSP_61([[D@2282ab51 [3, 10] [0, 1, 2, 4, 5, 6, 7, 8, 9, 11]) >[51], 815.627
TSP_62([[D@2282ab51 [3, 11] [0, 1, 2, 4, 5, 6, 7, 8, 9, 10]) >[51], 778.906
TSP_64([[D@2282ab51 [4, 0] [1, 2, 3, 5, 6, 7, 8, 9, 10, 11]) >[63], 728.868
TSP_65([[D@2282ab51 [4, 1] [0, 2, 3, 5, 6, 7, 8, 9, 10, 11]) >[63], 845.14
TSP_66([[D@2282ab51 [4, 2] [0, 1, 3, 5, 6, 7, 8, 9, 10, 11]) >[63], 842.165
TSP_67([[D@2282ab51 [4, 3] [0, 1, 2, 5, 6, 7, 8, 9, 10, 11]) >[63], 811.971
TSP_68([[D@2282ab51 [4, 5] [0, 1, 2, 3, 6, 7, 8, 9, 10, 11]) >[63], 897.134
TSP_69([[D@2282ab51 [4, 6] [0, 1, 2, 3, 5, 7, 8, 9, 10, 11]) >[63], 906.058
TSP_70([[D@2282ab51 [4, 7] [0, 1, 2, 3, 5, 6, 8, 9, 10, 11]) >[63], 873.704
TSP_71([[D@2282ab51 [4, 8] [0, 1, 2, 3, 5, 6, 7, 9, 10, 11]) >[63], 811.659
TSP_72([[D@2282ab51 [4, 9] [0, 1, 2, 3, 5, 6, 7, 8, 10, 11]) >[63], 861.533
TSP_73([[D@2282ab51 [4, 10] [0, 1, 2, 3, 5, 6, 7, 8, 9, 11]) >[63], 847.012
TSP_74([[D@2282ab51 [4, 11] [0, 1, 2, 3, 5, 6, 7, 8, 9, 10]) >[63], 849.766
TSP_76([[D@2282ab51 [5, 0] [1, 2, 3, 4, 6, 7, 8, 9, 10, 11]) >[75], 883.338
TSP_77([[D@2282ab51 [5, 1] [0, 2, 3, 4, 6, 7, 8, 9, 10, 11]) >[75], 901.997
TSP_78([[D@2282ab51 [5, 2] [0, 1, 3, 4, 6, 7, 8, 9, 10, 11]) >[75], 879.368
TSP_79([[D@2282ab51 [5, 3] [0, 1, 2, 4, 6, 7, 8, 9, 10, 11]) >[75], 848.261
TSP_80([[D@2282ab51 [5, 4] [0, 1, 2, 3, 6, 7, 8, 9, 10, 11]) >[75], 881.9
TSP_81([[D@2282ab51 [5, 6] [0, 1, 2, 3, 4, 7, 8, 9, 10, 11]) >[75], 848.975
TSP_82([[D@2282ab51 [5, 7] [0, 1, 2, 3, 4, 6, 8, 9, 10, 11]) >[75], 922.563
TSP_83([[D@2282ab51 [5, 8] [0, 1, 2, 3, 4, 6, 7, 9, 10, 11]) >[75], 951.38
TSP_84([[D@2282ab51 [5, 9] [0, 1, 2, 3, 4, 6, 7, 8, 10, 11]) >[75], 890.94
TSP_85([[D@2282ab51 [5, 10] [0, 1, 2, 3, 4, 6, 7, 8, 9, 11]) >[75], 850.593
TSP_86([[D@2282ab51 [5, 11] [0, 1, 2, 3, 4, 6, 7, 8, 9, 10]) >[75], 875.972
TSP_88([[D@2282ab51 [6, 0] [1, 2, 3, 4, 5, 7, 8, 9, 10, 11]) >[87], 900.293
TSP_89([[D@2282ab51 [6, 1] [0, 2, 3, 4, 5, 7, 8, 9, 10, 11]) >[87], 842.149
TSP_90([[D@2282ab51 [6, 2] [0, 1, 3, 4, 5, 7, 8, 9, 10, 11]) >[87], 809.775
TSP_91([[D@2282ab51 [6, 3] [0, 1, 2, 4, 5, 7, 8, 9, 10, 11]) >[87], 808.614
TSP_92([[D@2282ab51 [6, 4] [0, 1, 2, 3, 5, 7, 8, 9, 10, 11]) >[87], 854.992
TSP_93([[D@2282ab51 [6, 5] [0, 1, 2, 3, 4, 7, 8, 9, 10, 11]) >[87], 834.804
TSP_94([[D@2282ab51 [6, 7] [0, 1, 2, 3, 4, 5, 8, 9, 10, 11]) >[87], 828.455
TSP_95([[D@2282ab51 [6, 8] [0, 1, 2, 3, 4, 5, 7, 9, 10, 11]) >[87], 789.59
TSP_96([[D@2282ab51 [6, 9] [0, 1, 2, 3, 4, 5, 7, 8, 10, 11]) >[87], 823.515
TSP_97([[D@2282ab51 [6, 10] [0, 1, 2, 3, 4, 5, 7, 8, 9, 11]) >[87], 834.252
TSP_98([[D@2282ab51 [6, 11] [0, 1, 2, 3, 4, 5, 7, 8, 9, 10]) >[87], 804.785
TSP_100([[D@2282ab51 [7, 0] [1, 2, 3, 4, 5, 6, 8, 9, 10, 11]) >[99], 887.871
TSP_101([[D@2282ab51 [7, 1] [0, 2, 3, 4, 5, 6, 8, 9, 10, 11]) >[99], 826.868
TSP_102([[D@2282ab51 [7, 2] [0, 1, 3, 4, 5, 6, 8, 9, 10, 11]) >[99], 813.736
TSP_103([[D@2282ab51 [7, 3] [0, 1, 2, 4, 5, 6, 8, 9, 10, 11]) >[99], 898.378
TSP_104([[D@2282ab51 [7, 4] [0, 1, 2, 3, 5, 6, 8, 9, 10, 11]) >[99], 967.751
TSP_105([[D@2282ab51 [7, 5] [0, 1, 2, 3, 4, 6, 8, 9, 10, 11]) >[99], 883.403
TSP_106([[D@2282ab51 [7, 6] [0, 1, 2, 3, 4, 5, 8, 9, 10, 11]) >[99], 859.021
TSP_107([[D@2282ab51 [7, 8] [0, 1, 2, 3, 4, 5, 6, 9, 10, 11]) >[99], 935.957
TSP_108([[D@2282ab51 [7, 9] [0, 1, 2, 3, 4, 5, 6, 8, 10, 11]) >[99], 868.42
TSP_109([[D@2282ab51 [7, 10] [0, 1, 2, 3, 4, 5, 6, 8, 9, 11]) >[99], 865.093
TSP_110([[D@2282ab51 [7, 11] [0, 1, 2, 3, 4, 5, 6, 8, 9, 10]) >[99], 918.764
TSP_112([[D@2282ab51 [8, 0] [1, 2, 3, 4, 5, 6, 7, 9, 10, 11]) >[111], 896.428
TSP_113([[D@2282ab51 [8, 1] [0, 2, 3, 4, 5, 6, 7, 9, 10, 11]) >[111], 912.369
TSP_114([[D@2282ab51 [8, 2] [0, 1, 3, 4, 5, 6, 7, 9, 10, 11]) >[111], 875.885
TSP_115([[D@2282ab51 [8, 3] [0, 1, 2, 4, 5, 6, 7, 9, 10, 11]) >[111], 932.484
TSP_116([[D@2282ab51 [8, 4] [0, 1, 2, 3, 5, 6, 7, 9, 10, 11]) >[111], 882.8
TSP_117([[D@2282ab51 [8, 5] [0, 1, 2, 3, 4, 6, 7, 9, 10, 11]) >[111], 807.794
TSP_118([[D@2282ab51 [8, 6] [0, 1, 2, 3, 4, 5, 7, 9, 10, 11]) >[111], 895.578
TSP_119([[D@2282ab51 [8, 7] [0, 1, 2, 3, 4, 5, 6, 9, 10, 11]) >[111], 866.643
TSP_120([[D@2282ab51 [8, 9] [0, 1, 2, 3, 4, 5, 6, 7, 10, 11]) >[111], 876.512
TSP_121([[D@2282ab51 [8, 10] [0, 1, 2, 3, 4, 5, 6, 7, 9, 11]) >[111], 899.776
TSP_122([[D@2282ab51 [8, 11] [0, 1, 2, 3, 4, 5, 6, 7, 9, 10]) >[111], 898.927
TSP_124([[D@2282ab51 [9, 0] [1, 2, 3, 4, 5, 6, 7, 8, 10, 11]) >[123], 952.058
TSP_125([[D@2282ab51 [9, 1] [0, 2, 3, 4, 5, 6, 7, 8, 10, 11]) >[123], 891.885
TSP_126([[D@2282ab51 [9, 2] [0, 1, 3, 4, 5, 6, 7, 8, 10, 11]) >[123], 858.583
TSP_127([[D@2282ab51 [9, 3] [0, 1, 2, 4, 5, 6, 7, 8, 10, 11]) >[123], 929.468
TSP_128([[D@2282ab51 [9, 4] [0, 1, 2, 3, 5, 6, 7, 8, 10, 11]) >[123], 881.663
TSP_129([[D@2282ab51 [9, 5] [0, 1, 2, 3, 4, 6, 7, 8, 10, 11]) >[123], 921.025
TSP_130([[D@2282ab51 [9, 6] [0, 1, 2, 3, 4, 5, 7, 8, 10, 11]) >[123], 922.531
TSP_131([[D@2282ab51 [9, 7] [0, 1, 2, 3, 4, 5, 6, 8, 10, 11]) >[123], 916.215
TSP_132([[D@2282ab51 [9, 8] [0, 1, 2, 3, 4, 5, 6, 7, 10, 11]) >[123], 946.686
TSP_133([[D@2282ab51 [9, 10] [0, 1, 2, 3, 4, 5, 6, 7, 8, 11]) >[123], 903.261
TSP_134([[D@2282ab51 [9, 11] [0, 1, 2, 3, 4, 5, 6, 7, 8, 10]) >[123], 973.468
TSP_136([[D@2282ab51 [10, 0] [1, 2, 3, 4, 5, 6, 7, 8, 9, 11]) >[135], 888.326
TSP_137([[D@2282ab51 [10, 1] [0, 2, 3, 4, 5, 6, 7, 8, 9, 11]) >[135], 956.299
TSP_138([[D@2282ab51 [10, 2] [0, 1, 3, 4, 5, 6, 7, 8, 9, 11]) >[135], 838.572
TSP_139([[D@2282ab51 [10, 3] [0, 1, 2, 4, 5, 6, 7, 8, 9, 11]) >[135], 830.561
TSP_140([[D@2282ab51 [10, 4] [0, 1, 2, 3, 5, 6, 7, 8, 9, 11]) >[135], 805.17
TSP_141([[D@2282ab51 [10, 5] [0, 1, 2, 3, 4, 6, 7, 8, 9, 11]) >[135], 836.993
TSP_142([[D@2282ab51 [10, 6] [0, 1, 2, 3, 4, 5, 7, 8, 9, 11]) >[135], 792.368
TSP_143([[D@2282ab51 [10, 7] [0, 1, 2, 3, 4, 5, 6, 8, 9, 11]) >[135], 801.364
TSP_144([[D@2282ab51 [10, 8] [0, 1, 2, 3, 4, 5, 6, 7, 9, 11]) >[135], 839.168
TSP_145([[D@2282ab51 [10, 9] [0, 1, 2, 3, 4, 5, 6, 7, 8, 11]) >[135], 795.626
TSP_146([[D@2282ab51 [10, 11] [0, 1, 2, 3, 4, 5, 6, 7, 8, 9]) >[135], 802.718
TSP_148([[D@2282ab51 [11, 0] [1, 2, 3, 4, 5, 6, 7, 8, 9, 10]) >[147], 850.705
TSP_149([[D@2282ab51 [11, 1] [0, 2, 3, 4, 5, 6, 7, 8, 9, 10]) >[147], 868.553
TSP_150([[D@2282ab51 [11, 2] [0, 1, 3, 4, 5, 6, 7, 8, 9, 10]) >[147], 929.173
TSP_151([[D@2282ab51 [11, 3] [0, 1, 2, 4, 5, 6, 7, 8, 9, 10]) >[147], 870.913
TSP_152([[D@2282ab51 [11, 4] [0, 1, 2, 3, 5, 6, 7, 8, 9, 10]) >[147], 844.235
TSP_153([[D@2282ab51 [11, 5] [0, 1, 2, 3, 4, 6, 7, 8, 9, 10]) >[147], 841.09
TSP_154([[D@2282ab51 [11, 6] [0, 1, 2, 3, 4, 5, 7, 8, 9, 10]) >[147], 955.637
TSP_155([[D@2282ab51 [11, 7] [0, 1, 2, 3, 4, 5, 6, 8, 9, 10]) >[147], 932.788
TSP_156([[D@2282ab51 [11, 8] [0, 1, 2, 3, 4, 5, 6, 7, 9, 10]) >[147], 849.387
TSP_157([[D@2282ab51 [11, 9] [0, 1, 2, 3, 4, 5, 6, 7, 8, 10]) >[147], 845.01
TSP_158([[D@2282ab51 [11, 10] [0, 1, 2, 3, 4, 5, 6, 7, 8, 9]) >[147], 839.431
Compare TSP_15([ Tour: 5 9 10 6 2 3 7 11 8 4 0 1 | Length: 31.313708498984763] [ Tour: 6 10 3 7 11 9 5 1 8 4 0 2 | Length: 36.22617373698473] [ Tour: 7 11 10 6 2 1 5 9 8 4 0 3 | Length: 31.313708498984763] [ Tour: 8 11 7 3 2 6 10 9 5 1 0 4 | Length: 31.313708498984763] [ Tour: 1 9 10 6 2 3 7 11 8 4 0 5 | Length: 31.810684591656077] [ Tour: 2 10 3 7 11 9 5 1 8 4 0 6 | Length: 36.22617373698472] [ Tour: 3 11 10 6 2 1 5 9 8 4 0 7 | Length: 31.810684591656077] [ Tour: 11 7 3 2 6 10 9 5 1 4 0 8 | Length: 31.81068459165608] [ Tour: 5 1 2 6 10 11 7 3 8 4 0 9 | Length: 32.08403811325377] [ Tour: 6 2 3 7 11 9 5 1 8 4 0 10 | Length: 35.012581805104034] [ Tour: 7 3 10 6 2 1 5 9 8 4 0 11 | Length: 32.08403811325377]) >[2], 0.037
Compare TSP_27([ Tour: 4 8 11 7 3 2 6 10 9 5 1 0 | Length: 31.313708498984763] [ Tour: 6 10 11 7 3 0 4 8 9 5 1 2 | Length: 31.313708498984763] [ Tour: 7 11 2 6 10 8 4 0 9 5 1 3 | Length: 36.22617373698473] [ Tour: 0 8 11 7 3 2 6 10 9 5 1 4 | Length: 31.810684591656077] [ Tour: 9 8 4 0 3 7 11 10 6 2 1 5 | Length: 31.313708498984763] [ Tour: 2 10 11 7 3 0 4 8 9 5 1 6 | Length: 31.810684591656077] [ Tour: 3 11 2 6 10 8 4 0 9 5 1 7 | Length: 36.22617373698472] [ Tour: 4 0 11 7 3 2 6 10 9 5 1 8 | Length: 32.08403811325377] [ Tour: 8 4 0 3 7 11 10 6 2 5 1 9 | Length: 31.81068459165608] [ Tour: 6 2 11 7 3 0 4 8 9 5 1 10 | Length: 32.08403811325377] [ Tour: 7 3 2 6 10 8 4 0 9 5 1 11 | Length: 35.012581805104034]) >[2], 0.004
Compare TSP_39([ Tour: 4 8 3 7 11 9 5 1 10 6 2 0 | Length: 36.22617373698473] [ Tour: 5 9 8 4 0 3 7 11 10 6 2 1 | Length: 31.313708498984763] [ Tour: 7 11 8 4 0 1 5 9 10 6 2 3 | Length: 31.313708498984763] [ Tour: 0 8 3 7 11 9 5 1 10 6 2 4 | Length: 36.22617373698472] [ Tour: 1 9 8 4 0 3 7 11 10 6 2 5 | Length: 31.810684591656077] [ Tour: 10 11 7 3 0 4 8 9 5 1 2 6 | Length: 31.313708498984763] [ Tour: 3 11 8 4 0 1 5 9 10 6 2 7 | Length: 31.810684591656077] [ Tour: 4 0 3 7 11 9 5 1 10 6 2 8 | Length: 35.012581805104034] [ Tour: 5 1 0 4 8 11 7 3 10 6 2 9 | Length: 32.08403811325377] [ Tour: 11 7 3 0 4 8 9 5 1 6 2 10 | Length: 31.81068459165608] [ Tour: 7 3 0 4 8 9 5 1 10 6 2 11 | Length: 32.08403811325377]) >[2], 0.004
Compare TSP_51([ Tour: 4 8 9 5 1 2 6 10 11 7 3 0 | Length: 31.313708498984763] [ Tour: 5 9 2 6 10 8 4 0 11 7 3 1 | Length: 36.22617373698473] [ Tour: 6 10 9 5 1 0 4 8 11 7 3 2 | Length: 31.313708498984763] [ Tour: 0 8 9 5 1 2 6 10 11 7 3 4 | Length: 31.810684591656077] [ Tour: 1 9 2 6 10 8 4 0 11 7 3 5 | Length: 36.22617373698472] [ Tour: 2 10 9 5 1 0 4 8 11 7 3 6 | Length: 31.810684591656077] [ Tour: 11 10 6 2 1 5 9 8 4 0 3 7 | Length: 31.313708498984763] [ Tour: 4 0 1 5 9 10 6 2 11 7 3 8 | Length: 32.08403811325377] [ Tour: 5 1 2 6 10 8 4 0 11 7 3 9 | Length: 35.012581805104034] [ Tour: 6 2 9 5 1 0 4 8 11 7 3 10 | Length: 32.08403811325377] [ Tour: 10 6 2 1 5 9 8 4 0 7 3 11 | Length: 31.81068459165608]) >[2], 0.003
Compare TSP_63([ Tour: 3 7 11 10 6 2 1 5 9 8 4 0 | Length: 31.313708498984766] [ Tour: 5 9 10 6 2 3 7 11 8 0 4 1 | Length: 31.810684591656077] [ Tour: 6 10 3 7 11 9 5 1 8 0 4 2 | Length: 36.22617373698473] [ Tour: 7 11 10 6 2 1 5 9 8 0 4 3 | Length: 31.810684591656077] [ Tour: 1 9 10 6 2 3 7 11 8 0 4 5 | Length: 32.14213562373095] [ Tour: 2 10 3 7 11 9 5 1 8 0 4 6 | Length: 36.22617373698472] [ Tour: 3 11 10 6 2 1 5 9 8 0 4 7 | Length: 32.14213562373095] [ Tour: 11 7 3 2 6 10 9 5 1 0 4 8 | Length: 31.313708498984766] [ Tour: 5 1 2 6 10 11 7 3 8 0 4 9 | Length: 32.23619249411002] [ Tour: 6 2 3 7 11 9 5 1 8 0 4 10 | Length: 35.012581805104034] [ Tour: 7 3 10 6 2 1 5 9 8 0 4 11 | Length: 32.23619249411002]) >[2], 0.005
Compare TSP_75([ Tour: 4 8 11 7 3 2 6 10 9 1 5 0 | Length: 31.810684591656077] [ Tour: 0 4 8 11 7 3 2 6 10 9 5 1 | Length: 31.313708498984766] [ Tour: 6 10 11 7 3 0 4 8 9 1 5 2 | Length: 31.810684591656077] [ Tour: 7 11 2 6 10 8 4 0 9 1 5 3 | Length: 36.22617373698473] [ Tour: 0 8 11 7 3 2 6 10 9 1 5 4 | Length: 32.14213562373095] [ Tour: 2 10 11 7 3 0 4 8 9 1 5 6 | Length: 32.14213562373095] [ Tour: 3 11 2 6 10 8 4 0 9 1 5 7 | Length: 36.22617373698472] [ Tour: 4 0 11 7 3 2 6 10 9 1 5 8 | Length: 32.23619249411002] [ Tour: 8 4 0 3 7 11 10 6 2 1 5 9 | Length: 31.313708498984766] [ Tour: 6 2 11 7 3 0 4 8 9 1 5 10 | Length: 32.23619249411002] [ Tour: 7 3 2 6 10 8 4 0 9 1 5 11 | Length: 35.012581805104034]) >[2], 0.008
Compare TSP_87([ Tour: 4 8 3 7 11 9 5 1 10 2 6 0 | Length: 36.22617373698473] [ Tour: 5 9 8 4 0 3 7 11 10 2 6 1 | Length: 31.810684591656077] [ Tour: 3 7 11 8 4 0 1 5 9 10 6 2 | Length: 31.313708498984766] [ Tour: 7 11 8 4 0 1 5 9 10 2 6 3 | Length: 31.810684591656077] [ Tour: 0 8 3 7 11 9 5 1 10 2 6 4 | Length: 36.22617373698472] [ Tour: 1 9 8 4 0 3 7 11 10 2 6 5 | Length: 32.14213562373095] [ Tour: 3 11 8 4 0 1 5 9 10 2 6 7 | Length: 32.14213562373095] [ Tour: 4 0 3 7 11 9 5 1 10 2 6 8 | Length: 35.012581805104034] [ Tour: 5 1 0 4 8 11 7 3 10 2 6 9 | Length: 32.23619249411002] [ Tour: 11 7 3 0 4 8 9 5 1 2 6 10 | Length: 31.313708498984766] [ Tour: 7 3 0 4 8 9 5 1 10 2 6 11 | Length: 32.23619249411002]) >[2], 0.006
Compare TSP_99([ Tour: 4 8 9 5 1 2 6 10 11 3 7 0 | Length: 31.810684591656077] [ Tour: 5 9 2 6 10 8 4 0 11 3 7 1 | Length: 36.22617373698473] [ Tour: 6 10 9 5 1 0 4 8 11 3 7 2 | Length: 31.810684591656077] [ Tour: 2 6 10 9 5 1 0 4 8 11 7 3 | Length: 31.313708498984766] [ Tour: 0 8 9 5 1 2 6 10 11 3 7 4 | Length: 32.14213562373095] [ Tour: 1 9 2 6 10 8 4 0 11 3 7 5 | Length: 36.22617373698472] [ Tour: 2 10 9 5 1 0 4 8 11 3 7 6 | Length: 32.14213562373095] [ Tour: 4 0 1 5 9 10 6 2 11 3 7 8 | Length: 32.23619249411002] [ Tour: 5 1 2 6 10 8 4 0 11 3 7 9 | Length: 35.012581805104034] [ Tour: 6 2 9 5 1 0 4 8 11 3 7 10 | Length: 32.23619249411002] [ Tour: 10 6 2 1 5 9 8 4 0 3 7 11 | Length: 31.313708498984766]) >[2], 0.005
Compare TSP_111([ Tour: 4 3 7 11 10 6 2 1 5 9 8 0 | Length: 31.81068459165608] [ Tour: 5 9 10 6 2 11 7 3 0 4 8 1 | Length: 32.08403811325377] [ Tour: 6 10 3 7 11 9 5 1 0 4 8 2 | Length: 35.012581805104034] [ Tour: 7 11 10 6 2 9 5 1 0 4 8 3 | Length: 32.08403811325377] [ Tour: 0 3 7 11 10 6 2 1 5 9 8 4 | Length: 31.313708498984766] [ Tour: 1 9 10 6 2 11 7 3 0 4 8 5 | Length: 32.23619249411002] [ Tour: 2 10 3 7 11 9 5 1 0 4 8 6 | Length: 35.01258180510403] [ Tour: 3 11 10 6 2 9 5 1 0 4 8 7 | Length: 32.23619249411002] [ Tour: 5 1 2 6 10 11 7 3 0 4 8 9 | Length: 31.313708498984763] [ Tour: 6 2 3 7 11 9 5 1 0 4 8 10 | Length: 33.798989873223334] [ Tour: 7 3 2 6 10 9 5 1 0 4 8 11 | Length: 31.313708498984763]) >[2], 0.004
Compare TSP_123([ Tour: 4 8 11 7 3 10 6 2 1 5 9 0 | Length: 32.08403811325377] [ Tour: 5 0 4 8 11 7 3 2 6 10 9 1 | Length: 31.81068459165608] [ Tour: 6 10 11 7 3 8 4 0 1 5 9 2 | Length: 32.08403811325377] [ Tour: 7 11 2 6 10 8 4 0 1 5 9 3 | Length: 35.012581805104034] [ Tour: 0 8 11 7 3 10 6 2 1 5 9 4 | Length: 32.23619249411002] [ Tour: 1 0 4 8 11 7 3 2 6 10 9 5 | Length: 31.313708498984766] [ Tour: 2 10 11 7 3 8 4 0 1 5 9 6 | Length: 32.23619249411002] [ Tour: 3 11 2 6 10 8 4 0 1 5 9 7 | Length: 35.01258180510403] [ Tour: 4 0 3 7 11 10 6 2 1 5 9 8 | Length: 31.313708498984763] [ Tour: 6 2 3 7 11 8 4 0 1 5 9 10 | Length: 31.313708498984763] [ Tour: 7 3 2 6 10 8 4 0 1 5 9 11 | Length: 33.798989873223334]) >[2], 0.004
Compare TSP_135([ Tour: 4 8 3 7 11 9 5 1 2 6 10 0 | Length: 35.012581805104034] [ Tour: 5 9 8 4 0 11 7 3 2 6 10 1 | Length: 32.08403811325377] [ Tour: 6 3 7 11 8 4 0 1 5 9 10 2 | Length: 31.81068459165608] [ Tour: 7 11 8 4 0 9 5 1 2 6 10 3 | Length: 32.08403811325377] [ Tour: 0 8 3 7 11 9 5 1 2 6 10 4 | Length: 35.01258180510403] [ Tour: 1 9 8 4 0 11 7 3 2 6 10 5 | Length: 32.23619249411002] [ Tour: 2 3 7 11 8 4 0 1 5 9 10 6 | Length: 31.313708498984766] [ Tour: 3 11 8 4 0 9 5 1 2 6 10 7 | Length: 32.23619249411002] [ Tour: 4 0 3 7 11 9 5 1 2 6 10 8 | Length: 33.798989873223334] [ Tour: 5 1 0 4 8 11 7 3 2 6 10 9 | Length: 31.313708498984763] [ Tour: 7 3 0 4 8 9 5 1 2 6 10 11 | Length: 31.313708498984763]) >[2], 0.004
Compare TSP_147([ Tour: 4 8 9 5 1 10 6 2 3 7 11 0 | Length: 32.08403811325377] [ Tour: 5 9 2 6 10 8 4 0 3 7 11 1 | Length: 35.012581805104034] [ Tour: 6 10 9 5 1 8 4 0 3 7 11 2 | Length: 32.08403811325377] [ Tour: 7 2 6 10 9 5 1 0 4 8 11 3 | Length: 31.81068459165608] [ Tour: 0 8 9 5 1 10 6 2 3 7 11 4 | Length: 32.23619249411002] [ Tour: 1 9 2 6 10 8 4 0 3 7 11 5 | Length: 35.01258180510403] [ Tour: 2 10 9 5 1 8 4 0 3 7 11 6 | Length: 32.23619249411002] [ Tour: 3 2 6 10 9 5 1 0 4 8 11 7 | Length: 31.313708498984766] [ Tour: 4 0 1 5 9 10 6 2 3 7 11 8 | Length: 31.313708498984763] [ Tour: 5 1 2 6 10 8 4 0 3 7 11 9 | Length: 33.798989873223334] [ Tour: 6 2 1 5 9 8 4 0 3 7 11 10 | Length: 31.313708498984763]) >[2], 0.006
Compare TSP_2([ Tour: 5 9 10 6 2 3 7 11 8 4 0 1 | Length: 31.313708498984763] [ Tour: 4 8 11 7 3 2 6 10 9 5 1 0 | Length: 31.313708498984763] [ Tour: 5 9 8 4 0 3 7 11 10 6 2 1 | Length: 31.313708498984763] [ Tour: 4 8 9 5 1 2 6 10 11 7 3 0 | Length: 31.313708498984763] [ Tour: 3 7 11 10 6 2 1 5 9 8 4 0 | Length: 31.313708498984766] [ Tour: 0 4 8 11 7 3 2 6 10 9 5 1 | Length: 31.313708498984766] [ Tour: 5 9 8 4 0 3 7 11 10 2 6 1 | Length: 31.810684591656077] [ Tour: 4 8 9 5 1 2 6 10 11 3 7 0 | Length: 31.810684591656077] [ Tour: 4 3 7 11 10 6 2 1 5 9 8 0 | Length: 31.81068459165608] [ Tour: 5 0 4 8 11 7 3 2 6 10 9 1 | Length: 31.81068459165608] [ Tour: 5 9 8 4 0 11 7 3 2 6 10 1 | Length: 32.08403811325377] [ Tour: 4 8 9 5 1 10 6 2 3 7 11 0 | Length: 32.08403811325377]) >[0], 0.005
Client Total,117509.151

