Component, Time (ms)
TSP_1([[D@4b4b5526 [] [0, 1, 2, 3, 4, 5, 6, 7, 8, 9, 10, 11]) >[0], 1.678
TSP_4([[D@4b4b5526 [1] [0, 2, 3, 4, 5, 6, 7, 8, 9, 10, 11]) >[2], 0.27
TSP_3([[D@4b4b5526 [0] [1, 2, 3, 4, 5, 6, 7, 8, 9, 10, 11]) >[2], 0.841
TSP_5([[D@4b4b5526 [2] [0, 1, 3, 4, 5, 6, 7, 8, 9, 10, 11]) >[2], 0.275
TSP_6([[D@4b4b5526 [3] [0, 1, 2, 4, 5, 6, 7, 8, 9, 10, 11]) >[2], 0.272
TSP_7([[D@4b4b5526 [4] [0, 1, 2, 3, 5, 6, 7, 8, 9, 10, 11]) >[2], 0.275
TSP_8([[D@4b4b5526 [5] [0, 1, 2, 3, 4, 6, 7, 8, 9, 10, 11]) >[2], 0.264
TSP_9([[D@4b4b5526 [6] [0, 1, 2, 3, 4, 5, 7, 8, 9, 10, 11]) >[2], 0.293
TSP_10([[D@4b4b5526 [7] [0, 1, 2, 3, 4, 5, 6, 8, 9, 10, 11]) >[2], 0.289
TSP_11([[D@4b4b5526 [8] [0, 1, 2, 3, 4, 5, 6, 7, 9, 10, 11]) >[2], 0.547
TSP_12([[D@4b4b5526 [9] [0, 1, 2, 3, 4, 5, 6, 7, 8, 10, 11]) >[2], 0.507
TSP_13([[D@4b4b5526 [10] [0, 1, 2, 3, 4, 5, 6, 7, 8, 9, 11]) >[2], 0.315
TSP_14([[D@4b4b5526 [11] [0, 1, 2, 3, 4, 5, 6, 7, 8, 9, 10]) >[2], 0.276
TSP_16([[D@4b4b5526 [1, 0] [2, 3, 4, 5, 6, 7, 8, 9, 10, 11]) >[15], 1566.449
TSP_17([[D@4b4b5526 [1, 2] [0, 3, 4, 5, 6, 7, 8, 9, 10, 11]) >[15], 1535.591
TSP_19([[D@4b4b5526 [1, 4] [0, 2, 3, 5, 6, 7, 8, 9, 10, 11]) >[15], 868.774
TSP_18([[D@4b4b5526 [1, 3] [0, 2, 4, 5, 6, 7, 8, 9, 10, 11]) >[15], 920.251
TSP_20([[D@4b4b5526 [1, 5] [0, 2, 3, 4, 6, 7, 8, 9, 10, 11]) >[15], 829.521
TSP_21([[D@4b4b5526 [1, 6] [0, 2, 3, 4, 5, 7, 8, 9, 10, 11]) >[15], 825.744
TSP_23([[D@4b4b5526 [1, 8] [0, 2, 3, 4, 5, 6, 7, 9, 10, 11]) >[15], 1035.841
TSP_22([[D@4b4b5526 [1, 7] [0, 2, 3, 4, 5, 6, 8, 9, 10, 11]) >[15], 1076.382
TSP_24([[D@4b4b5526 [1, 9] [0, 2, 3, 4, 5, 6, 7, 8, 10, 11]) >[15], 1068.283
TSP_25([[D@4b4b5526 [1, 10] [0, 2, 3, 4, 5, 6, 7, 8, 9, 11]) >[15], 1078.879
TSP_28([[D@4b4b5526 [0, 1] [2, 3, 4, 5, 6, 7, 8, 9, 10, 11]) >[27], 1012.56
TSP_26([[D@4b4b5526 [1, 11] [0, 2, 3, 4, 5, 6, 7, 8, 9, 10]) >[15], 1035.693
TSP_29([[D@4b4b5526 [0, 2] [1, 3, 4, 5, 6, 7, 8, 9, 10, 11]) >[27], 1035.202
TSP_30([[D@4b4b5526 [0, 3] [1, 2, 4, 5, 6, 7, 8, 9, 10, 11]) >[27], 1064.489
TSP_31([[D@4b4b5526 [0, 4] [1, 2, 3, 5, 6, 7, 8, 9, 10, 11]) >[27], 874.303
TSP_32([[D@4b4b5526 [0, 5] [1, 2, 3, 4, 6, 7, 8, 9, 10, 11]) >[27], 876.73
TSP_33([[D@4b4b5526 [0, 6] [1, 2, 3, 4, 5, 7, 8, 9, 10, 11]) >[27], 779.435
TSP_34([[D@4b4b5526 [0, 7] [1, 2, 3, 4, 5, 6, 8, 9, 10, 11]) >[27], 830.239
TSP_35([[D@4b4b5526 [0, 8] [1, 2, 3, 4, 5, 6, 7, 9, 10, 11]) >[27], 808.591
TSP_36([[D@4b4b5526 [0, 9] [1, 2, 3, 4, 5, 6, 7, 8, 10, 11]) >[27], 807.248
TSP_37([[D@4b4b5526 [0, 10] [1, 2, 3, 4, 5, 6, 7, 8, 9, 11]) >[27], 802.308
TSP_38([[D@4b4b5526 [0, 11] [1, 2, 3, 4, 5, 6, 7, 8, 9, 10]) >[27], 820.575
TSP_40([[D@4b4b5526 [2, 0] [1, 3, 4, 5, 6, 7, 8, 9, 10, 11]) >[39], 818.897
TSP_41([[D@4b4b5526 [2, 1] [0, 3, 4, 5, 6, 7, 8, 9, 10, 11]) >[39], 844.489
TSP_42([[D@4b4b5526 [2, 3] [0, 1, 4, 5, 6, 7, 8, 9, 10, 11]) >[39], 825.585
TSP_43([[D@4b4b5526 [2, 4] [0, 1, 3, 5, 6, 7, 8, 9, 10, 11]) >[39], 840.877
TSP_44([[D@4b4b5526 [2, 5] [0, 1, 3, 4, 6, 7, 8, 9, 10, 11]) >[39], 814.139
TSP_45([[D@4b4b5526 [2, 6] [0, 1, 3, 4, 5, 7, 8, 9, 10, 11]) >[39], 826.797
TSP_46([[D@4b4b5526 [2, 7] [0, 1, 3, 4, 5, 6, 8, 9, 10, 11]) >[39], 825.088
TSP_47([[D@4b4b5526 [2, 8] [0, 1, 3, 4, 5, 6, 7, 9, 10, 11]) >[39], 797.55
TSP_48([[D@4b4b5526 [2, 9] [0, 1, 3, 4, 5, 6, 7, 8, 10, 11]) >[39], 808.411
TSP_49([[D@4b4b5526 [2, 10] [0, 1, 3, 4, 5, 6, 7, 8, 9, 11]) >[39], 860.558
TSP_50([[D@4b4b5526 [2, 11] [0, 1, 3, 4, 5, 6, 7, 8, 9, 10]) >[39], 797.19
TSP_52([[D@4b4b5526 [3, 0] [1, 2, 4, 5, 6, 7, 8, 9, 10, 11]) >[51], 815.716
TSP_53([[D@4b4b5526 [3, 1] [0, 2, 4, 5, 6, 7, 8, 9, 10, 11]) >[51], 832.826
TSP_54([[D@4b4b5526 [3, 2] [0, 1, 4, 5, 6, 7, 8, 9, 10, 11]) >[51], 831.115
TSP_55([[D@4b4b5526 [3, 4] [0, 1, 2, 5, 6, 7, 8, 9, 10, 11]) >[51], 829.263
TSP_56([[D@4b4b5526 [3, 5] [0, 1, 2, 4, 6, 7, 8, 9, 10, 11]) >[51], 842.183
TSP_57([[D@4b4b5526 [3, 6] [0, 1, 2, 4, 5, 7, 8, 9, 10, 11]) >[51], 849.376
TSP_58([[D@4b4b5526 [3, 7] [0, 1, 2, 4, 5, 6, 8, 9, 10, 11]) >[51], 837.049
TSP_59([[D@4b4b5526 [3, 8] [0, 1, 2, 4, 5, 6, 7, 9, 10, 11]) >[51], 837.378
TSP_60([[D@4b4b5526 [3, 9] [0, 1, 2, 4, 5, 6, 7, 8, 10, 11]) >[51], 847.51
TSP_61([[D@4b4b5526 [3, 10] [0, 1, 2, 4, 5, 6, 7, 8, 9, 11]) >[51], 835.135
TSP_62([[D@4b4b5526 [3, 11] [0, 1, 2, 4, 5, 6, 7, 8, 9, 10]) >[51], 828.417
TSP_64([[D@4b4b5526 [4, 0] [1, 2, 3, 5, 6, 7, 8, 9, 10, 11]) >[63], 822.092
TSP_65([[D@4b4b5526 [4, 1] [0, 2, 3, 5, 6, 7, 8, 9, 10, 11]) >[63], 827.549
TSP_66([[D@4b4b5526 [4, 2] [0, 1, 3, 5, 6, 7, 8, 9, 10, 11]) >[63], 845.465
TSP_67([[D@4b4b5526 [4, 3] [0, 1, 2, 5, 6, 7, 8, 9, 10, 11]) >[63], 827.327
TSP_68([[D@4b4b5526 [4, 5] [0, 1, 2, 3, 6, 7, 8, 9, 10, 11]) >[63], 785.717
TSP_69([[D@4b4b5526 [4, 6] [0, 1, 2, 3, 5, 7, 8, 9, 10, 11]) >[63], 801.699
TSP_70([[D@4b4b5526 [4, 7] [0, 1, 2, 3, 5, 6, 8, 9, 10, 11]) >[63], 791.98
TSP_71([[D@4b4b5526 [4, 8] [0, 1, 2, 3, 5, 6, 7, 9, 10, 11]) >[63], 836.311
TSP_72([[D@4b4b5526 [4, 9] [0, 1, 2, 3, 5, 6, 7, 8, 10, 11]) >[63], 794.454
TSP_73([[D@4b4b5526 [4, 10] [0, 1, 2, 3, 5, 6, 7, 8, 9, 11]) >[63], 843.464
TSP_74([[D@4b4b5526 [4, 11] [0, 1, 2, 3, 5, 6, 7, 8, 9, 10]) >[63], 835.34
TSP_76([[D@4b4b5526 [5, 0] [1, 2, 3, 4, 6, 7, 8, 9, 10, 11]) >[75], 800.035
TSP_77([[D@4b4b5526 [5, 1] [0, 2, 3, 4, 6, 7, 8, 9, 10, 11]) >[75], 828.553
TSP_78([[D@4b4b5526 [5, 2] [0, 1, 3, 4, 6, 7, 8, 9, 10, 11]) >[75], 851.141
TSP_79([[D@4b4b5526 [5, 3] [0, 1, 2, 4, 6, 7, 8, 9, 10, 11]) >[75], 787.693
TSP_80([[D@4b4b5526 [5, 4] [0, 1, 2, 3, 6, 7, 8, 9, 10, 11]) >[75], 827.667
TSP_81([[D@4b4b5526 [5, 6] [0, 1, 2, 3, 4, 7, 8, 9, 10, 11]) >[75], 818.32
TSP_82([[D@4b4b5526 [5, 7] [0, 1, 2, 3, 4, 6, 8, 9, 10, 11]) >[75], 835.262
TSP_83([[D@4b4b5526 [5, 8] [0, 1, 2, 3, 4, 6, 7, 9, 10, 11]) >[75], 817.584
TSP_84([[D@4b4b5526 [5, 9] [0, 1, 2, 3, 4, 6, 7, 8, 10, 11]) >[75], 813.163
TSP_85([[D@4b4b5526 [5, 10] [0, 1, 2, 3, 4, 6, 7, 8, 9, 11]) >[75], 794.305
TSP_86([[D@4b4b5526 [5, 11] [0, 1, 2, 3, 4, 6, 7, 8, 9, 10]) >[75], 832.744
TSP_88([[D@4b4b5526 [6, 0] [1, 2, 3, 4, 5, 7, 8, 9, 10, 11]) >[87], 822.91
TSP_89([[D@4b4b5526 [6, 1] [0, 2, 3, 4, 5, 7, 8, 9, 10, 11]) >[87], 815.587
TSP_90([[D@4b4b5526 [6, 2] [0, 1, 3, 4, 5, 7, 8, 9, 10, 11]) >[87], 819.634
TSP_91([[D@4b4b5526 [6, 3] [0, 1, 2, 4, 5, 7, 8, 9, 10, 11]) >[87], 810.591
TSP_92([[D@4b4b5526 [6, 4] [0, 1, 2, 3, 5, 7, 8, 9, 10, 11]) >[87], 847.122
TSP_93([[D@4b4b5526 [6, 5] [0, 1, 2, 3, 4, 7, 8, 9, 10, 11]) >[87], 818.949
TSP_94([[D@4b4b5526 [6, 7] [0, 1, 2, 3, 4, 5, 8, 9, 10, 11]) >[87], 813.427
TSP_95([[D@4b4b5526 [6, 8] [0, 1, 2, 3, 4, 5, 7, 9, 10, 11]) >[87], 824.651
TSP_96([[D@4b4b5526 [6, 9] [0, 1, 2, 3, 4, 5, 7, 8, 10, 11]) >[87], 815.074
TSP_97([[D@4b4b5526 [6, 10] [0, 1, 2, 3, 4, 5, 7, 8, 9, 11]) >[87], 833.316
TSP_98([[D@4b4b5526 [6, 11] [0, 1, 2, 3, 4, 5, 7, 8, 9, 10]) >[87], 792.936
TSP_100([[D@4b4b5526 [7, 0] [1, 2, 3, 4, 5, 6, 8, 9, 10, 11]) >[99], 842.141
TSP_101([[D@4b4b5526 [7, 1] [0, 2, 3, 4, 5, 6, 8, 9, 10, 11]) >[99], 802.098
TSP_102([[D@4b4b5526 [7, 2] [0, 1, 3, 4, 5, 6, 8, 9, 10, 11]) >[99], 823.733
TSP_103([[D@4b4b5526 [7, 3] [0, 1, 2, 4, 5, 6, 8, 9, 10, 11]) >[99], 808.812
TSP_104([[D@4b4b5526 [7, 4] [0, 1, 2, 3, 5, 6, 8, 9, 10, 11]) >[99], 832.828
TSP_105([[D@4b4b5526 [7, 5] [0, 1, 2, 3, 4, 6, 8, 9, 10, 11]) >[99], 826.852
TSP_106([[D@4b4b5526 [7, 6] [0, 1, 2, 3, 4, 5, 8, 9, 10, 11]) >[99], 843.51
TSP_107([[D@4b4b5526 [7, 8] [0, 1, 2, 3, 4, 5, 6, 9, 10, 11]) >[99], 812.014
TSP_108([[D@4b4b5526 [7, 9] [0, 1, 2, 3, 4, 5, 6, 8, 10, 11]) >[99], 840.251
TSP_109([[D@4b4b5526 [7, 10] [0, 1, 2, 3, 4, 5, 6, 8, 9, 11]) >[99], 801.839
TSP_110([[D@4b4b5526 [7, 11] [0, 1, 2, 3, 4, 5, 6, 8, 9, 10]) >[99], 811.981
TSP_112([[D@4b4b5526 [8, 0] [1, 2, 3, 4, 5, 6, 7, 9, 10, 11]) >[111], 811.864
TSP_113([[D@4b4b5526 [8, 1] [0, 2, 3, 4, 5, 6, 7, 9, 10, 11]) >[111], 794.753
TSP_114([[D@4b4b5526 [8, 2] [0, 1, 3, 4, 5, 6, 7, 9, 10, 11]) >[111], 850.116
TSP_115([[D@4b4b5526 [8, 3] [0, 1, 2, 4, 5, 6, 7, 9, 10, 11]) >[111], 851.144
TSP_116([[D@4b4b5526 [8, 4] [0, 1, 2, 3, 5, 6, 7, 9, 10, 11]) >[111], 835.682
TSP_117([[D@4b4b5526 [8, 5] [0, 1, 2, 3, 4, 6, 7, 9, 10, 11]) >[111], 816.464
TSP_118([[D@4b4b5526 [8, 6] [0, 1, 2, 3, 4, 5, 7, 9, 10, 11]) >[111], 816.285
TSP_119([[D@4b4b5526 [8, 7] [0, 1, 2, 3, 4, 5, 6, 9, 10, 11]) >[111], 871.608
TSP_120([[D@4b4b5526 [8, 9] [0, 1, 2, 3, 4, 5, 6, 7, 10, 11]) >[111], 862.596
TSP_121([[D@4b4b5526 [8, 10] [0, 1, 2, 3, 4, 5, 6, 7, 9, 11]) >[111], 822.082
TSP_122([[D@4b4b5526 [8, 11] [0, 1, 2, 3, 4, 5, 6, 7, 9, 10]) >[111], 847.781
TSP_124([[D@4b4b5526 [9, 0] [1, 2, 3, 4, 5, 6, 7, 8, 10, 11]) >[123], 832.472
TSP_125([[D@4b4b5526 [9, 1] [0, 2, 3, 4, 5, 6, 7, 8, 10, 11]) >[123], 859.092
TSP_126([[D@4b4b5526 [9, 2] [0, 1, 3, 4, 5, 6, 7, 8, 10, 11]) >[123], 875.632
TSP_127([[D@4b4b5526 [9, 3] [0, 1, 2, 4, 5, 6, 7, 8, 10, 11]) >[123], 826.324
TSP_128([[D@4b4b5526 [9, 4] [0, 1, 2, 3, 5, 6, 7, 8, 10, 11]) >[123], 854.82
TSP_129([[D@4b4b5526 [9, 5] [0, 1, 2, 3, 4, 6, 7, 8, 10, 11]) >[123], 841.438
TSP_130([[D@4b4b5526 [9, 6] [0, 1, 2, 3, 4, 5, 7, 8, 10, 11]) >[123], 858.22
TSP_131([[D@4b4b5526 [9, 7] [0, 1, 2, 3, 4, 5, 6, 8, 10, 11]) >[123], 888.275
TSP_132([[D@4b4b5526 [9, 8] [0, 1, 2, 3, 4, 5, 6, 7, 10, 11]) >[123], 825.841
TSP_133([[D@4b4b5526 [9, 10] [0, 1, 2, 3, 4, 5, 6, 7, 8, 11]) >[123], 839.14
TSP_134([[D@4b4b5526 [9, 11] [0, 1, 2, 3, 4, 5, 6, 7, 8, 10]) >[123], 864.033
TSP_136([[D@4b4b5526 [10, 0] [1, 2, 3, 4, 5, 6, 7, 8, 9, 11]) >[135], 858.089
TSP_137([[D@4b4b5526 [10, 1] [0, 2, 3, 4, 5, 6, 7, 8, 9, 11]) >[135], 848.147
TSP_138([[D@4b4b5526 [10, 2] [0, 1, 3, 4, 5, 6, 7, 8, 9, 11]) >[135], 866.496
TSP_139([[D@4b4b5526 [10, 3] [0, 1, 2, 4, 5, 6, 7, 8, 9, 11]) >[135], 904.061
TSP_140([[D@4b4b5526 [10, 4] [0, 1, 2, 3, 5, 6, 7, 8, 9, 11]) >[135], 907.639
TSP_141([[D@4b4b5526 [10, 5] [0, 1, 2, 3, 4, 6, 7, 8, 9, 11]) >[135], 879.105
TSP_142([[D@4b4b5526 [10, 6] [0, 1, 2, 3, 4, 5, 7, 8, 9, 11]) >[135], 894.463
TSP_143([[D@4b4b5526 [10, 7] [0, 1, 2, 3, 4, 5, 6, 8, 9, 11]) >[135], 883.829
TSP_144([[D@4b4b5526 [10, 8] [0, 1, 2, 3, 4, 5, 6, 7, 9, 11]) >[135], 843.975
TSP_145([[D@4b4b5526 [10, 9] [0, 1, 2, 3, 4, 5, 6, 7, 8, 11]) >[135], 872.782
TSP_146([[D@4b4b5526 [10, 11] [0, 1, 2, 3, 4, 5, 6, 7, 8, 9]) >[135], 889.746
TSP_148([[D@4b4b5526 [11, 0] [1, 2, 3, 4, 5, 6, 7, 8, 9, 10]) >[147], 851.043
TSP_149([[D@4b4b5526 [11, 1] [0, 2, 3, 4, 5, 6, 7, 8, 9, 10]) >[147], 864.822
TSP_150([[D@4b4b5526 [11, 2] [0, 1, 3, 4, 5, 6, 7, 8, 9, 10]) >[147], 907.76
TSP_151([[D@4b4b5526 [11, 3] [0, 1, 2, 4, 5, 6, 7, 8, 9, 10]) >[147], 884.641
TSP_152([[D@4b4b5526 [11, 4] [0, 1, 2, 3, 5, 6, 7, 8, 9, 10]) >[147], 866.956
TSP_153([[D@4b4b5526 [11, 5] [0, 1, 2, 3, 4, 6, 7, 8, 9, 10]) >[147], 887.023
TSP_154([[D@4b4b5526 [11, 6] [0, 1, 2, 3, 4, 5, 7, 8, 9, 10]) >[147], 846.711
TSP_155([[D@4b4b5526 [11, 7] [0, 1, 2, 3, 4, 5, 6, 8, 9, 10]) >[147], 831.502
TSP_156([[D@4b4b5526 [11, 8] [0, 1, 2, 3, 4, 5, 6, 7, 9, 10]) >[147], 808.291
TSP_157([[D@4b4b5526 [11, 9] [0, 1, 2, 3, 4, 5, 6, 7, 8, 10]) >[147], 853.331
Compare TSP_15([ Tour: 4 8 11 7 3 2 6 10 9 5 1 0 | Length: 31.313708498984763] [ Tour: 6 10 11 7 3 0 4 8 9 5 1 2 | Length: 31.313708498984763] [ Tour: 7 11 2 6 10 8 4 0 9 5 1 3 | Length: 36.22617373698473] [ Tour: 0 8 11 7 3 2 6 10 9 5 1 4 | Length: 31.810684591656077] [ Tour: 9 8 4 0 3 7 11 10 6 2 1 5 | Length: 31.313708498984763] [ Tour: 2 10 11 7 3 0 4 8 9 5 1 6 | Length: 31.810684591656077] [ Tour: 3 11 2 6 10 8 4 0 9 5 1 7 | Length: 36.22617373698472] [ Tour: 4 0 11 7 3 2 6 10 9 5 1 8 | Length: 32.08403811325377] [ Tour: 8 4 0 3 7 11 10 6 2 5 1 9 | Length: 31.81068459165608] [ Tour: 6 2 11 7 3 0 4 8 9 5 1 10 | Length: 32.08403811325377] [ Tour: 7 3 2 6 10 8 4 0 9 5 1 11 | Length: 35.012581805104034]) >[2], 0.067
Compare TSP_27([ Tour: 5 9 10 6 2 3 7 11 8 4 0 1 | Length: 31.313708498984763] [ Tour: 6 10 3 7 11 9 5 1 8 4 0 2 | Length: 36.22617373698473] [ Tour: 7 11 10 6 2 1 5 9 8 4 0 3 | Length: 31.313708498984763] [ Tour: 8 11 7 3 2 6 10 9 5 1 0 4 | Length: 31.313708498984763] [ Tour: 1 9 10 6 2 3 7 11 8 4 0 5 | Length: 31.810684591656077] [ Tour: 2 10 3 7 11 9 5 1 8 4 0 6 | Length: 36.22617373698472] [ Tour: 3 11 10 6 2 1 5 9 8 4 0 7 | Length: 31.810684591656077] [ Tour: 11 7 3 2 6 10 9 5 1 4 0 8 | Length: 31.81068459165608] [ Tour: 5 1 2 6 10 11 7 3 8 4 0 9 | Length: 32.08403811325377] [ Tour: 6 2 3 7 11 9 5 1 8 4 0 10 | Length: 35.012581805104034] [ Tour: 7 3 10 6 2 1 5 9 8 4 0 11 | Length: 32.08403811325377]) >[2], 0.005
Compare TSP_39([ Tour: 4 8 3 7 11 9 5 1 10 6 2 0 | Length: 36.22617373698473] [ Tour: 5 9 8 4 0 3 7 11 10 6 2 1 | Length: 31.313708498984763] [ Tour: 7 11 8 4 0 1 5 9 10 6 2 3 | Length: 31.313708498984763] [ Tour: 0 8 3 7 11 9 5 1 10 6 2 4 | Length: 36.22617373698472] [ Tour: 1 9 8 4 0 3 7 11 10 6 2 5 | Length: 31.810684591656077] [ Tour: 10 11 7 3 0 4 8 9 5 1 2 6 | Length: 31.313708498984763] [ Tour: 3 11 8 4 0 1 5 9 10 6 2 7 | Length: 31.810684591656077] [ Tour: 4 0 3 7 11 9 5 1 10 6 2 8 | Length: 35.012581805104034] [ Tour: 5 1 0 4 8 11 7 3 10 6 2 9 | Length: 32.08403811325377] [ Tour: 11 7 3 0 4 8 9 5 1 6 2 10 | Length: 31.81068459165608] [ Tour: 7 3 0 4 8 9 5 1 10 6 2 11 | Length: 32.08403811325377]) >[2], 0.003
Compare TSP_51([ Tour: 4 8 9 5 1 2 6 10 11 7 3 0 | Length: 31.313708498984763] [ Tour: 5 9 2 6 10 8 4 0 11 7 3 1 | Length: 36.22617373698473] [ Tour: 6 10 9 5 1 0 4 8 11 7 3 2 | Length: 31.313708498984763] [ Tour: 0 8 9 5 1 2 6 10 11 7 3 4 | Length: 31.810684591656077] [ Tour: 1 9 2 6 10 8 4 0 11 7 3 5 | Length: 36.22617373698472] [ Tour: 2 10 9 5 1 0 4 8 11 7 3 6 | Length: 31.810684591656077] [ Tour: 11 10 6 2 1 5 9 8 4 0 3 7 | Length: 31.313708498984763] [ Tour: 4 0 1 5 9 10 6 2 11 7 3 8 | Length: 32.08403811325377] [ Tour: 5 1 2 6 10 8 4 0 11 7 3 9 | Length: 35.012581805104034] [ Tour: 6 2 9 5 1 0 4 8 11 7 3 10 | Length: 32.08403811325377] [ Tour: 10 6 2 1 5 9 8 4 0 7 3 11 | Length: 31.81068459165608]) >[2], 0.004
Compare TSP_63([ Tour: 3 7 11 10 6 2 1 5 9 8 4 0 | Length: 31.313708498984766] [ Tour: 5 9 10 6 2 3 7 11 8 0 4 1 | Length: 31.810684591656077] [ Tour: 6 10 3 7 11 9 5 1 8 0 4 2 | Length: 36.22617373698473] [ Tour: 7 11 10 6 2 1 5 9 8 0 4 3 | Length: 31.810684591656077] [ Tour: 1 9 10 6 2 3 7 11 8 0 4 5 | Length: 32.14213562373095] [ Tour: 2 10 3 7 11 9 5 1 8 0 4 6 | Length: 36.22617373698472] [ Tour: 3 11 10 6 2 1 5 9 8 0 4 7 | Length: 32.14213562373095] [ Tour: 11 7 3 2 6 10 9 5 1 0 4 8 | Length: 31.313708498984766] [ Tour: 5 1 2 6 10 11 7 3 8 0 4 9 | Length: 32.23619249411002] [ Tour: 6 2 3 7 11 9 5 1 8 0 4 10 | Length: 35.012581805104034] [ Tour: 7 3 10 6 2 1 5 9 8 0 4 11 | Length: 32.23619249411002]) >[2], 0.004
Compare TSP_75([ Tour: 4 8 11 7 3 2 6 10 9 1 5 0 | Length: 31.810684591656077] [ Tour: 0 4 8 11 7 3 2 6 10 9 5 1 | Length: 31.313708498984766] [ Tour: 6 10 11 7 3 0 4 8 9 1 5 2 | Length: 31.810684591656077] [ Tour: 7 11 2 6 10 8 4 0 9 1 5 3 | Length: 36.22617373698473] [ Tour: 0 8 11 7 3 2 6 10 9 1 5 4 | Length: 32.14213562373095] [ Tour: 2 10 11 7 3 0 4 8 9 1 5 6 | Length: 32.14213562373095] [ Tour: 3 11 2 6 10 8 4 0 9 1 5 7 | Length: 36.22617373698472] [ Tour: 4 0 11 7 3 2 6 10 9 1 5 8 | Length: 32.23619249411002] [ Tour: 8 4 0 3 7 11 10 6 2 1 5 9 | Length: 31.313708498984766] [ Tour: 6 2 11 7 3 0 4 8 9 1 5 10 | Length: 32.23619249411002] [ Tour: 7 3 2 6 10 8 4 0 9 1 5 11 | Length: 35.012581805104034]) >[2], 0.004
Compare TSP_87([ Tour: 4 8 3 7 11 9 5 1 10 2 6 0 | Length: 36.22617373698473] [ Tour: 5 9 8 4 0 3 7 11 10 2 6 1 | Length: 31.810684591656077] [ Tour: 3 7 11 8 4 0 1 5 9 10 6 2 | Length: 31.313708498984766] [ Tour: 7 11 8 4 0 1 5 9 10 2 6 3 | Length: 31.810684591656077] [ Tour: 0 8 3 7 11 9 5 1 10 2 6 4 | Length: 36.22617373698472] [ Tour: 1 9 8 4 0 3 7 11 10 2 6 5 | Length: 32.14213562373095] [ Tour: 3 11 8 4 0 1 5 9 10 2 6 7 | Length: 32.14213562373095] [ Tour: 4 0 3 7 11 9 5 1 10 2 6 8 | Length: 35.012581805104034] [ Tour: 5 1 0 4 8 11 7 3 10 2 6 9 | Length: 32.23619249411002] [ Tour: 11 7 3 0 4 8 9 5 1 2 6 10 | Length: 31.313708498984766] [ Tour: 7 3 0 4 8 9 5 1 10 2 6 11 | Length: 32.23619249411002]) >[2], 0.005
Compare TSP_99([ Tour: 4 8 9 5 1 2 6 10 11 3 7 0 | Length: 31.810684591656077] [ Tour: 5 9 2 6 10 8 4 0 11 3 7 1 | Length: 36.22617373698473] [ Tour: 6 10 9 5 1 0 4 8 11 3 7 2 | Length: 31.810684591656077] [ Tour: 2 6 10 9 5 1 0 4 8 11 7 3 | Length: 31.313708498984766] [ Tour: 0 8 9 5 1 2 6 10 11 3 7 4 | Length: 32.14213562373095] [ Tour: 1 9 2 6 10 8 4 0 11 3 7 5 | Length: 36.22617373698472] [ Tour: 2 10 9 5 1 0 4 8 11 3 7 6 | Length: 32.14213562373095] [ Tour: 4 0 1 5 9 10 6 2 11 3 7 8 | Length: 32.23619249411002] [ Tour: 5 1 2 6 10 8 4 0 11 3 7 9 | Length: 35.012581805104034] [ Tour: 6 2 9 5 1 0 4 8 11 3 7 10 | Length: 32.23619249411002] [ Tour: 10 6 2 1 5 9 8 4 0 3 7 11 | Length: 31.313708498984766]) >[2], 0.005
Compare TSP_111([ Tour: 4 3 7 11 10 6 2 1 5 9 8 0 | Length: 31.81068459165608] [ Tour: 5 9 10 6 2 11 7 3 0 4 8 1 | Length: 32.08403811325377] [ Tour: 6 10 3 7 11 9 5 1 0 4 8 2 | Length: 35.012581805104034] [ Tour: 7 11 10 6 2 9 5 1 0 4 8 3 | Length: 32.08403811325377] [ Tour: 0 3 7 11 10 6 2 1 5 9 8 4 | Length: 31.313708498984766] [ Tour: 1 9 10 6 2 11 7 3 0 4 8 5 | Length: 32.23619249411002] [ Tour: 2 10 3 7 11 9 5 1 0 4 8 6 | Length: 35.01258180510403] [ Tour: 3 11 10 6 2 9 5 1 0 4 8 7 | Length: 32.23619249411002] [ Tour: 5 1 2 6 10 11 7 3 0 4 8 9 | Length: 31.313708498984763] [ Tour: 6 2 3 7 11 9 5 1 0 4 8 10 | Length: 33.798989873223334] [ Tour: 7 3 2 6 10 9 5 1 0 4 8 11 | Length: 31.313708498984763]) >[2], 0.005
Compare TSP_123([ Tour: 4 8 11 7 3 10 6 2 1 5 9 0 | Length: 32.08403811325377] [ Tour: 5 0 4 8 11 7 3 2 6 10 9 1 | Length: 31.81068459165608] [ Tour: 6 10 11 7 3 8 4 0 1 5 9 2 | Length: 32.08403811325377] [ Tour: 7 11 2 6 10 8 4 0 1 5 9 3 | Length: 35.012581805104034] [ Tour: 0 8 11 7 3 10 6 2 1 5 9 4 | Length: 32.23619249411002] [ Tour: 1 0 4 8 11 7 3 2 6 10 9 5 | Length: 31.313708498984766] [ Tour: 2 10 11 7 3 8 4 0 1 5 9 6 | Length: 32.23619249411002] [ Tour: 3 11 2 6 10 8 4 0 1 5 9 7 | Length: 35.01258180510403] [ Tour: 4 0 3 7 11 10 6 2 1 5 9 8 | Length: 31.313708498984763] [ Tour: 6 2 3 7 11 8 4 0 1 5 9 10 | Length: 31.313708498984763] [ Tour: 7 3 2 6 10 8 4 0 1 5 9 11 | Length: 33.798989873223334]) >[2], 0.006
Compare TSP_135([ Tour: 4 8 3 7 11 9 5 1 2 6 10 0 | Length: 35.012581805104034] [ Tour: 5 9 8 4 0 11 7 3 2 6 10 1 | Length: 32.08403811325377] [ Tour: 6 3 7 11 8 4 0 1 5 9 10 2 | Length: 31.81068459165608] [ Tour: 7 11 8 4 0 9 5 1 2 6 10 3 | Length: 32.08403811325377] [ Tour: 0 8 3 7 11 9 5 1 2 6 10 4 | Length: 35.01258180510403] [ Tour: 1 9 8 4 0 11 7 3 2 6 10 5 | Length: 32.23619249411002] [ Tour: 2 3 7 11 8 4 0 1 5 9 10 6 | Length: 31.313708498984766] [ Tour: 3 11 8 4 0 9 5 1 2 6 10 7 | Length: 32.23619249411002] [ Tour: 4 0 3 7 11 9 5 1 2 6 10 8 | Length: 33.798989873223334] [ Tour: 5 1 0 4 8 11 7 3 2 6 10 9 | Length: 31.313708498984763] [ Tour: 7 3 0 4 8 9 5 1 2 6 10 11 | Length: 31.313708498984763]) >[2], 0.005
TSP_158([[D@4b4b5526 [11, 10] [0, 1, 2, 3, 4, 5, 6, 7, 8, 9]) >[147], 805.089
Compare TSP_147([ Tour: 4 8 9 5 1 10 6 2 3 7 11 0 | Length: 32.08403811325377] [ Tour: 5 9 2 6 10 8 4 0 3 7 11 1 | Length: 35.012581805104034] [ Tour: 6 10 9 5 1 8 4 0 3 7 11 2 | Length: 32.08403811325377] [ Tour: 7 2 6 10 9 5 1 0 4 8 11 3 | Length: 31.81068459165608] [ Tour: 0 8 9 5 1 10 6 2 3 7 11 4 | Length: 32.23619249411002] [ Tour: 1 9 2 6 10 8 4 0 3 7 11 5 | Length: 35.01258180510403] [ Tour: 2 10 9 5 1 8 4 0 3 7 11 6 | Length: 32.23619249411002] [ Tour: 3 2 6 10 9 5 1 0 4 8 11 7 | Length: 31.313708498984766] [ Tour: 4 0 1 5 9 10 6 2 3 7 11 8 | Length: 31.313708498984763] [ Tour: 5 1 2 6 10 8 4 0 3 7 11 9 | Length: 33.798989873223334] [ Tour: 6 2 1 5 9 8 4 0 3 7 11 10 | Length: 31.313708498984763]) >[2], 0.003
Compare TSP_2([ Tour: 5 9 10 6 2 3 7 11 8 4 0 1 | Length: 31.313708498984763] [ Tour: 4 8 11 7 3 2 6 10 9 5 1 0 | Length: 31.313708498984763] [ Tour: 5 9 8 4 0 3 7 11 10 6 2 1 | Length: 31.313708498984763] [ Tour: 4 8 9 5 1 2 6 10 11 7 3 0 | Length: 31.313708498984763] [ Tour: 3 7 11 10 6 2 1 5 9 8 4 0 | Length: 31.313708498984766] [ Tour: 0 4 8 11 7 3 2 6 10 9 5 1 | Length: 31.313708498984766] [ Tour: 5 9 8 4 0 3 7 11 10 2 6 1 | Length: 31.810684591656077] [ Tour: 4 8 9 5 1 2 6 10 11 3 7 0 | Length: 31.810684591656077] [ Tour: 4 3 7 11 10 6 2 1 5 9 8 0 | Length: 31.81068459165608] [ Tour: 5 0 4 8 11 7 3 2 6 10 9 1 | Length: 31.81068459165608] [ Tour: 5 9 8 4 0 11 7 3 2 6 10 1 | Length: 32.08403811325377] [ Tour: 4 8 9 5 1 10 6 2 3 7 11 0 | Length: 32.08403811325377]) >[0], 0.004
Client Total,57284.184

