Component, Time (ms)
TSP_1([[D@3ec35868 [] [0, 1, 2, 3, 4, 5, 6, 7, 8, 9, 10, 11]) >[0], 1.85
TSP_4([[D@3ec35868 [1] [0, 2, 3, 4, 5, 6, 7, 8, 9, 10, 11]) >[2], 0.275
TSP_3([[D@3ec35868 [0] [1, 2, 3, 4, 5, 6, 7, 8, 9, 10, 11]) >[2], 0.282
TSP_5([[D@3ec35868 [2] [0, 1, 3, 4, 5, 6, 7, 8, 9, 10, 11]) >[2], 0.272
TSP_8([[D@3ec35868 [5] [0, 1, 2, 3, 4, 6, 7, 8, 9, 10, 11]) >[2], 0.273
TSP_9([[D@3ec35868 [6] [0, 1, 2, 3, 4, 5, 7, 8, 9, 10, 11]) >[2], 0.279
TSP_6([[D@3ec35868 [3] [0, 1, 2, 4, 5, 6, 7, 8, 9, 10, 11]) >[2], 0.282
TSP_7([[D@3ec35868 [4] [0, 1, 2, 3, 5, 6, 7, 8, 9, 10, 11]) >[2], 0.289
TSP_10([[D@3ec35868 [7] [0, 1, 2, 3, 4, 5, 6, 8, 9, 10, 11]) >[2], 0.262
TSP_12([[D@3ec35868 [9] [0, 1, 2, 3, 4, 5, 6, 7, 8, 10, 11]) >[2], 0.289
TSP_13([[D@3ec35868 [10] [0, 1, 2, 3, 4, 5, 6, 7, 8, 9, 11]) >[2], 0.313
TSP_14([[D@3ec35868 [11] [0, 1, 2, 3, 4, 5, 6, 7, 8, 9, 10]) >[2], 0.295
TSP_11([[D@3ec35868 [8] [0, 1, 2, 3, 4, 5, 6, 7, 9, 10, 11]) >[2], 0.257
TSP_18([[D@3ec35868 [1, 3] [0, 2, 4, 5, 6, 7, 8, 9, 10, 11]) >[15], 1894.776
TSP_16([[D@3ec35868 [1, 0] [2, 3, 4, 5, 6, 7, 8, 9, 10, 11]) >[15], 1970.134
TSP_17([[D@3ec35868 [1, 2] [0, 3, 4, 5, 6, 7, 8, 9, 10, 11]) >[15], 2049.163
TSP_19([[D@3ec35868 [1, 4] [0, 2, 3, 5, 6, 7, 8, 9, 10, 11]) >[15], 1302.07
TSP_20([[D@3ec35868 [1, 5] [0, 2, 3, 4, 6, 7, 8, 9, 10, 11]) >[15], 1365.889
TSP_21([[D@3ec35868 [1, 6] [0, 2, 3, 4, 5, 7, 8, 9, 10, 11]) >[15], 1373.043
TSP_22([[D@3ec35868 [1, 7] [0, 2, 3, 4, 5, 6, 8, 9, 10, 11]) >[15], 1378.669
TSP_23([[D@3ec35868 [1, 8] [0, 2, 3, 4, 5, 6, 7, 9, 10, 11]) >[15], 1408.904
TSP_24([[D@3ec35868 [1, 9] [0, 2, 3, 4, 5, 6, 7, 8, 10, 11]) >[15], 1409.382
TSP_25([[D@3ec35868 [1, 10] [0, 2, 3, 4, 5, 6, 7, 8, 9, 11]) >[15], 1348.576
TSP_26([[D@3ec35868 [1, 11] [0, 2, 3, 4, 5, 6, 7, 8, 9, 10]) >[15], 1434.054
TSP_28([[D@3ec35868 [0, 1] [2, 3, 4, 5, 6, 7, 8, 9, 10, 11]) >[27], 1364.823
TSP_29([[D@3ec35868 [0, 2] [1, 3, 4, 5, 6, 7, 8, 9, 10, 11]) >[27], 1314.426
TSP_31([[D@3ec35868 [0, 4] [1, 2, 3, 5, 6, 7, 8, 9, 10, 11]) >[27], 1379.98
TSP_30([[D@3ec35868 [0, 3] [1, 2, 4, 5, 6, 7, 8, 9, 10, 11]) >[27], 1486.76
TSP_32([[D@3ec35868 [0, 5] [1, 2, 3, 4, 6, 7, 8, 9, 10, 11]) >[27], 1214.712
TSP_33([[D@3ec35868 [0, 6] [1, 2, 3, 4, 5, 7, 8, 9, 10, 11]) >[27], 1301.619
TSP_34([[D@3ec35868 [0, 7] [1, 2, 3, 4, 5, 6, 8, 9, 10, 11]) >[27], 1298.006
TSP_35([[D@3ec35868 [0, 8] [1, 2, 3, 4, 5, 6, 7, 9, 10, 11]) >[27], 1394.009
TSP_36([[D@3ec35868 [0, 9] [1, 2, 3, 4, 5, 6, 7, 8, 10, 11]) >[27], 1217.071
TSP_37([[D@3ec35868 [0, 10] [1, 2, 3, 4, 5, 6, 7, 8, 9, 11]) >[27], 1183.662
TSP_38([[D@3ec35868 [0, 11] [1, 2, 3, 4, 5, 6, 7, 8, 9, 10]) >[27], 1263.719
TSP_40([[D@3ec35868 [2, 0] [1, 3, 4, 5, 6, 7, 8, 9, 10, 11]) >[39], 1248.856
TSP_41([[D@3ec35868 [2, 1] [0, 3, 4, 5, 6, 7, 8, 9, 10, 11]) >[39], 1420.909
TSP_42([[D@3ec35868 [2, 3] [0, 1, 4, 5, 6, 7, 8, 9, 10, 11]) >[39], 1200.247
TSP_43([[D@3ec35868 [2, 4] [0, 1, 3, 5, 6, 7, 8, 9, 10, 11]) >[39], 1212.33
TSP_44([[D@3ec35868 [2, 5] [0, 1, 3, 4, 6, 7, 8, 9, 10, 11]) >[39], 1456.276
TSP_45([[D@3ec35868 [2, 6] [0, 1, 3, 4, 5, 7, 8, 9, 10, 11]) >[39], 1475.874
TSP_46([[D@3ec35868 [2, 7] [0, 1, 3, 4, 5, 6, 8, 9, 10, 11]) >[39], 1450.479
TSP_47([[D@3ec35868 [2, 8] [0, 1, 3, 4, 5, 6, 7, 9, 10, 11]) >[39], 1315.189
TSP_48([[D@3ec35868 [2, 9] [0, 1, 3, 4, 5, 6, 7, 8, 10, 11]) >[39], 1160.519
TSP_49([[D@3ec35868 [2, 10] [0, 1, 3, 4, 5, 6, 7, 8, 9, 11]) >[39], 1188.725
TSP_50([[D@3ec35868 [2, 11] [0, 1, 3, 4, 5, 6, 7, 8, 9, 10]) >[39], 1082.518
TSP_52([[D@3ec35868 [5, 0] [1, 2, 3, 4, 6, 7, 8, 9, 10, 11]) >[51], 1166.623
TSP_53([[D@3ec35868 [5, 1] [0, 2, 3, 4, 6, 7, 8, 9, 10, 11]) >[51], 1127.236
TSP_54([[D@3ec35868 [5, 2] [0, 1, 3, 4, 6, 7, 8, 9, 10, 11]) >[51], 1109.192
TSP_55([[D@3ec35868 [5, 3] [0, 1, 2, 4, 6, 7, 8, 9, 10, 11]) >[51], 1106.398
TSP_56([[D@3ec35868 [5, 4] [0, 1, 2, 3, 6, 7, 8, 9, 10, 11]) >[51], 1134.67
TSP_57([[D@3ec35868 [5, 6] [0, 1, 2, 3, 4, 7, 8, 9, 10, 11]) >[51], 1170.207
TSP_58([[D@3ec35868 [5, 7] [0, 1, 2, 3, 4, 6, 8, 9, 10, 11]) >[51], 1104.118
TSP_59([[D@3ec35868 [5, 8] [0, 1, 2, 3, 4, 6, 7, 9, 10, 11]) >[51], 1123.247
TSP_60([[D@3ec35868 [5, 9] [0, 1, 2, 3, 4, 6, 7, 8, 10, 11]) >[51], 1117.404
TSP_61([[D@3ec35868 [5, 10] [0, 1, 2, 3, 4, 6, 7, 8, 9, 11]) >[51], 1199.395
TSP_62([[D@3ec35868 [5, 11] [0, 1, 2, 3, 4, 6, 7, 8, 9, 10]) >[51], 1132.374
TSP_64([[D@3ec35868 [6, 0] [1, 2, 3, 4, 5, 7, 8, 9, 10, 11]) >[63], 1086.706
TSP_65([[D@3ec35868 [6, 1] [0, 2, 3, 4, 5, 7, 8, 9, 10, 11]) >[63], 1215.555
TSP_66([[D@3ec35868 [6, 2] [0, 1, 3, 4, 5, 7, 8, 9, 10, 11]) >[63], 1176.535
TSP_67([[D@3ec35868 [6, 3] [0, 1, 2, 4, 5, 7, 8, 9, 10, 11]) >[63], 1186.569
TSP_68([[D@3ec35868 [6, 4] [0, 1, 2, 3, 5, 7, 8, 9, 10, 11]) >[63], 1194.158
TSP_69([[D@3ec35868 [6, 5] [0, 1, 2, 3, 4, 7, 8, 9, 10, 11]) >[63], 1243.031
TSP_70([[D@3ec35868 [6, 7] [0, 1, 2, 3, 4, 5, 8, 9, 10, 11]) >[63], 1136.624
TSP_71([[D@3ec35868 [6, 8] [0, 1, 2, 3, 4, 5, 7, 9, 10, 11]) >[63], 1233.512
TSP_72([[D@3ec35868 [6, 9] [0, 1, 2, 3, 4, 5, 7, 8, 10, 11]) >[63], 1184.725
TSP_73([[D@3ec35868 [6, 10] [0, 1, 2, 3, 4, 5, 7, 8, 9, 11]) >[63], 1241.069
TSP_74([[D@3ec35868 [6, 11] [0, 1, 2, 3, 4, 5, 7, 8, 9, 10]) >[63], 1131.201
TSP_76([[D@3ec35868 [3, 0] [1, 2, 4, 5, 6, 7, 8, 9, 10, 11]) >[75], 1123.68
TSP_77([[D@3ec35868 [3, 1] [0, 2, 4, 5, 6, 7, 8, 9, 10, 11]) >[75], 1154.861
TSP_78([[D@3ec35868 [3, 2] [0, 1, 4, 5, 6, 7, 8, 9, 10, 11]) >[75], 1361.968
TSP_79([[D@3ec35868 [3, 4] [0, 1, 2, 5, 6, 7, 8, 9, 10, 11]) >[75], 1340.254
TSP_80([[D@3ec35868 [3, 5] [0, 1, 2, 4, 6, 7, 8, 9, 10, 11]) >[75], 1239.793
TSP_81([[D@3ec35868 [3, 6] [0, 1, 2, 4, 5, 7, 8, 9, 10, 11]) >[75], 1115.593
TSP_82([[D@3ec35868 [3, 7] [0, 1, 2, 4, 5, 6, 8, 9, 10, 11]) >[75], 1146.11
TSP_83([[D@3ec35868 [3, 8] [0, 1, 2, 4, 5, 6, 7, 9, 10, 11]) >[75], 1205.341
TSP_85([[D@3ec35868 [3, 10] [0, 1, 2, 4, 5, 6, 7, 8, 9, 11]) >[75], 1174.59
TSP_84([[D@3ec35868 [3, 9] [0, 1, 2, 4, 5, 6, 7, 8, 10, 11]) >[75], 1288.36
TSP_86([[D@3ec35868 [3, 11] [0, 1, 2, 4, 5, 6, 7, 8, 9, 10]) >[75], 1190.764
TSP_89([[D@3ec35868 [4, 1] [0, 2, 3, 5, 6, 7, 8, 9, 10, 11]) >[87], 1146.614
TSP_88([[D@3ec35868 [4, 0] [1, 2, 3, 5, 6, 7, 8, 9, 10, 11]) >[87], 1205.471
TSP_90([[D@3ec35868 [4, 2] [0, 1, 3, 5, 6, 7, 8, 9, 10, 11]) >[87], 1245.902
TSP_92([[D@3ec35868 [4, 5] [0, 1, 2, 3, 6, 7, 8, 9, 10, 11]) >[87], 1203.564
TSP_91([[D@3ec35868 [4, 3] [0, 1, 2, 5, 6, 7, 8, 9, 10, 11]) >[87], 1258.551
TSP_93([[D@3ec35868 [4, 6] [0, 1, 2, 3, 5, 7, 8, 9, 10, 11]) >[87], 1225.679
TSP_95([[D@3ec35868 [4, 8] [0, 1, 2, 3, 5, 6, 7, 9, 10, 11]) >[87], 1173.978
TSP_94([[D@3ec35868 [4, 7] [0, 1, 2, 3, 5, 6, 8, 9, 10, 11]) >[87], 1229.4
TSP_96([[D@3ec35868 [4, 9] [0, 1, 2, 3, 5, 6, 7, 8, 10, 11]) >[87], 1119.038
TSP_97([[D@3ec35868 [4, 10] [0, 1, 2, 3, 5, 6, 7, 8, 9, 11]) >[87], 1167.295
TSP_98([[D@3ec35868 [4, 11] [0, 1, 2, 3, 5, 6, 7, 8, 9, 10]) >[87], 1180.049
TSP_100([[D@3ec35868 [7, 0] [1, 2, 3, 4, 5, 6, 8, 9, 10, 11]) >[99], 1147.899
TSP_101([[D@3ec35868 [7, 1] [0, 2, 3, 4, 5, 6, 8, 9, 10, 11]) >[99], 1151.775
TSP_102([[D@3ec35868 [7, 2] [0, 1, 3, 4, 5, 6, 8, 9, 10, 11]) >[99], 1187.264
TSP_103([[D@3ec35868 [7, 3] [0, 1, 2, 4, 5, 6, 8, 9, 10, 11]) >[99], 1210.571
TSP_104([[D@3ec35868 [7, 4] [0, 1, 2, 3, 5, 6, 8, 9, 10, 11]) >[99], 1151.164
TSP_105([[D@3ec35868 [7, 5] [0, 1, 2, 3, 4, 6, 8, 9, 10, 11]) >[99], 1126.97
TSP_106([[D@3ec35868 [7, 6] [0, 1, 2, 3, 4, 5, 8, 9, 10, 11]) >[99], 1157.554
TSP_107([[D@3ec35868 [7, 8] [0, 1, 2, 3, 4, 5, 6, 9, 10, 11]) >[99], 1159.173
TSP_108([[D@3ec35868 [7, 9] [0, 1, 2, 3, 4, 5, 6, 8, 10, 11]) >[99], 1185.925
TSP_109([[D@3ec35868 [7, 10] [0, 1, 2, 3, 4, 5, 6, 8, 9, 11]) >[99], 1199.52
TSP_110([[D@3ec35868 [7, 11] [0, 1, 2, 3, 4, 5, 6, 8, 9, 10]) >[99], 1135.209
TSP_112([[D@3ec35868 [9, 0] [1, 2, 3, 4, 5, 6, 7, 8, 10, 11]) >[111], 1167.085
TSP_113([[D@3ec35868 [9, 1] [0, 2, 3, 4, 5, 6, 7, 8, 10, 11]) >[111], 1200.818
TSP_114([[D@3ec35868 [9, 2] [0, 1, 3, 4, 5, 6, 7, 8, 10, 11]) >[111], 1199.825
TSP_115([[D@3ec35868 [9, 3] [0, 1, 2, 4, 5, 6, 7, 8, 10, 11]) >[111], 1251.82
TSP_116([[D@3ec35868 [9, 4] [0, 1, 2, 3, 5, 6, 7, 8, 10, 11]) >[111], 1206.471
TSP_117([[D@3ec35868 [9, 5] [0, 1, 2, 3, 4, 6, 7, 8, 10, 11]) >[111], 1170.487
TSP_118([[D@3ec35868 [9, 6] [0, 1, 2, 3, 4, 5, 7, 8, 10, 11]) >[111], 1116.492
TSP_119([[D@3ec35868 [9, 7] [0, 1, 2, 3, 4, 5, 6, 8, 10, 11]) >[111], 1086.631
TSP_120([[D@3ec35868 [9, 8] [0, 1, 2, 3, 4, 5, 6, 7, 10, 11]) >[111], 1129.92
TSP_122([[D@3ec35868 [9, 11] [0, 1, 2, 3, 4, 5, 6, 7, 8, 10]) >[111], 1135.509
TSP_121([[D@3ec35868 [9, 10] [0, 1, 2, 3, 4, 5, 6, 7, 8, 11]) >[111], 1246.928
TSP_124([[D@3ec35868 [10, 0] [1, 2, 3, 4, 5, 6, 7, 8, 9, 11]) >[123], 1156.607
TSP_126([[D@3ec35868 [10, 2] [0, 1, 3, 4, 5, 6, 7, 8, 9, 11]) >[123], 1115.297
TSP_125([[D@3ec35868 [10, 1] [0, 2, 3, 4, 5, 6, 7, 8, 9, 11]) >[123], 1149.756
TSP_127([[D@3ec35868 [10, 3] [0, 1, 2, 4, 5, 6, 7, 8, 9, 11]) >[123], 1248.406
TSP_129([[D@3ec35868 [10, 5] [0, 1, 2, 3, 4, 6, 7, 8, 9, 11]) >[123], 1111.496
TSP_128([[D@3ec35868 [10, 4] [0, 1, 2, 3, 5, 6, 7, 8, 9, 11]) >[123], 1158.439
TSP_130([[D@3ec35868 [10, 6] [0, 1, 2, 3, 4, 5, 7, 8, 9, 11]) >[123], 1188.677
TSP_131([[D@3ec35868 [10, 7] [0, 1, 2, 3, 4, 5, 6, 8, 9, 11]) >[123], 1182.372
TSP_132([[D@3ec35868 [10, 8] [0, 1, 2, 3, 4, 5, 6, 7, 9, 11]) >[123], 1191.465
TSP_133([[D@3ec35868 [10, 9] [0, 1, 2, 3, 4, 5, 6, 7, 8, 11]) >[123], 1178.96
TSP_134([[D@3ec35868 [10, 11] [0, 1, 2, 3, 4, 5, 6, 7, 8, 9]) >[123], 1148.207
TSP_136([[D@3ec35868 [11, 0] [1, 2, 3, 4, 5, 6, 7, 8, 9, 10]) >[135], 1187.249
TSP_137([[D@3ec35868 [11, 1] [0, 2, 3, 4, 5, 6, 7, 8, 9, 10]) >[135], 1129.533
TSP_139([[D@3ec35868 [11, 3] [0, 1, 2, 4, 5, 6, 7, 8, 9, 10]) >[135], 1137.196
TSP_138([[D@3ec35868 [11, 2] [0, 1, 3, 4, 5, 6, 7, 8, 9, 10]) >[135], 1251.905
TSP_140([[D@3ec35868 [11, 4] [0, 1, 2, 3, 5, 6, 7, 8, 9, 10]) >[135], 1156.056
TSP_142([[D@3ec35868 [11, 6] [0, 1, 2, 3, 4, 5, 7, 8, 9, 10]) >[135], 1160.944
TSP_141([[D@3ec35868 [11, 5] [0, 1, 2, 3, 4, 6, 7, 8, 9, 10]) >[135], 1217.895
TSP_143([[D@3ec35868 [11, 7] [0, 1, 2, 3, 4, 5, 6, 8, 9, 10]) >[135], 1206.813
TSP_144([[D@3ec35868 [11, 8] [0, 1, 2, 3, 4, 5, 6, 7, 9, 10]) >[135], 1149.85
TSP_145([[D@3ec35868 [11, 9] [0, 1, 2, 3, 4, 5, 6, 7, 8, 10]) >[135], 1164.908
TSP_146([[D@3ec35868 [11, 10] [0, 1, 2, 3, 4, 5, 6, 7, 8, 9]) >[135], 1229.886
TSP_148([[D@3ec35868 [8, 0] [1, 2, 3, 4, 5, 6, 7, 9, 10, 11]) >[147], 1319.148
TSP_149([[D@3ec35868 [8, 1] [0, 2, 3, 4, 5, 6, 7, 9, 10, 11]) >[147], 1317.47
TSP_150([[D@3ec35868 [8, 2] [0, 1, 3, 4, 5, 6, 7, 9, 10, 11]) >[147], 1155.073
TSP_152([[D@3ec35868 [8, 4] [0, 1, 2, 3, 5, 6, 7, 9, 10, 11]) >[147], 1159.777
TSP_151([[D@3ec35868 [8, 3] [0, 1, 2, 4, 5, 6, 7, 9, 10, 11]) >[147], 1227.425
TSP_153([[D@3ec35868 [8, 5] [0, 1, 2, 3, 4, 6, 7, 9, 10, 11]) >[147], 1216.746
TSP_154([[D@3ec35868 [8, 6] [0, 1, 2, 3, 4, 5, 7, 9, 10, 11]) >[147], 1218.376
TSP_155([[D@3ec35868 [8, 7] [0, 1, 2, 3, 4, 5, 6, 9, 10, 11]) >[147], 1194.144
TSP_156([[D@3ec35868 [8, 9] [0, 1, 2, 3, 4, 5, 6, 7, 10, 11]) >[147], 1213.341
Compare TSP_15([ Tour: 4 8 11 7 3 2 6 10 9 5 1 0 | Length: 31.313708498984763] [ Tour: 6 10 11 7 3 0 4 8 9 5 1 2 | Length: 31.313708498984763] [ Tour: 7 11 2 6 10 8 4 0 9 5 1 3 | Length: 36.22617373698473] [ Tour: 0 8 11 7 3 2 6 10 9 5 1 4 | Length: 31.810684591656077] [ Tour: 9 8 4 0 3 7 11 10 6 2 1 5 | Length: 31.313708498984763] [ Tour: 2 10 11 7 3 0 4 8 9 5 1 6 | Length: 31.810684591656077] [ Tour: 3 11 2 6 10 8 4 0 9 5 1 7 | Length: 36.22617373698472] [ Tour: 4 0 11 7 3 2 6 10 9 5 1 8 | Length: 32.08403811325377] [ Tour: 8 4 0 3 7 11 10 6 2 5 1 9 | Length: 31.81068459165608] [ Tour: 6 2 11 7 3 0 4 8 9 5 1 10 | Length: 32.08403811325377] [ Tour: 7 3 2 6 10 8 4 0 9 5 1 11 | Length: 35.012581805104034]) >[2], 0.047
Compare TSP_27([ Tour: 5 9 10 6 2 3 7 11 8 4 0 1 | Length: 31.313708498984763] [ Tour: 6 10 3 7 11 9 5 1 8 4 0 2 | Length: 36.22617373698473] [ Tour: 7 11 10 6 2 1 5 9 8 4 0 3 | Length: 31.313708498984763] [ Tour: 8 11 7 3 2 6 10 9 5 1 0 4 | Length: 31.313708498984763] [ Tour: 1 9 10 6 2 3 7 11 8 4 0 5 | Length: 31.810684591656077] [ Tour: 2 10 3 7 11 9 5 1 8 4 0 6 | Length: 36.22617373698472] [ Tour: 3 11 10 6 2 1 5 9 8 4 0 7 | Length: 31.810684591656077] [ Tour: 11 7 3 2 6 10 9 5 1 4 0 8 | Length: 31.81068459165608] [ Tour: 5 1 2 6 10 11 7 3 8 4 0 9 | Length: 32.08403811325377] [ Tour: 6 2 3 7 11 9 5 1 8 4 0 10 | Length: 35.012581805104034] [ Tour: 7 3 10 6 2 1 5 9 8 4 0 11 | Length: 32.08403811325377]) >[2], 0.005
Compare TSP_39([ Tour: 4 8 3 7 11 9 5 1 10 6 2 0 | Length: 36.22617373698473] [ Tour: 5 9 8 4 0 3 7 11 10 6 2 1 | Length: 31.313708498984763] [ Tour: 7 11 8 4 0 1 5 9 10 6 2 3 | Length: 31.313708498984763] [ Tour: 0 8 3 7 11 9 5 1 10 6 2 4 | Length: 36.22617373698472] [ Tour: 1 9 8 4 0 3 7 11 10 6 2 5 | Length: 31.810684591656077] [ Tour: 10 11 7 3 0 4 8 9 5 1 2 6 | Length: 31.313708498984763] [ Tour: 3 11 8 4 0 1 5 9 10 6 2 7 | Length: 31.810684591656077] [ Tour: 4 0 3 7 11 9 5 1 10 6 2 8 | Length: 35.012581805104034] [ Tour: 5 1 0 4 8 11 7 3 10 6 2 9 | Length: 32.08403811325377] [ Tour: 11 7 3 0 4 8 9 5 1 6 2 10 | Length: 31.81068459165608] [ Tour: 7 3 0 4 8 9 5 1 10 6 2 11 | Length: 32.08403811325377]) >[2], 0.005
Compare TSP_51([ Tour: 4 8 11 7 3 2 6 10 9 1 5 0 | Length: 31.810684591656077] [ Tour: 0 4 8 11 7 3 2 6 10 9 5 1 | Length: 31.313708498984766] [ Tour: 6 10 11 7 3 0 4 8 9 1 5 2 | Length: 31.810684591656077] [ Tour: 7 11 2 6 10 8 4 0 9 1 5 3 | Length: 36.22617373698473] [ Tour: 0 8 11 7 3 2 6 10 9 1 5 4 | Length: 32.14213562373095] [ Tour: 2 10 11 7 3 0 4 8 9 1 5 6 | Length: 32.14213562373095] [ Tour: 3 11 2 6 10 8 4 0 9 1 5 7 | Length: 36.22617373698472] [ Tour: 4 0 11 7 3 2 6 10 9 1 5 8 | Length: 32.23619249411002] [ Tour: 8 4 0 3 7 11 10 6 2 1 5 9 | Length: 31.313708498984766] [ Tour: 6 2 11 7 3 0 4 8 9 1 5 10 | Length: 32.23619249411002] [ Tour: 7 3 2 6 10 8 4 0 9 1 5 11 | Length: 35.012581805104034]) >[2], 0.005
Compare TSP_63([ Tour: 4 8 3 7 11 9 5 1 10 2 6 0 | Length: 36.22617373698473] [ Tour: 5 9 8 4 0 3 7 11 10 2 6 1 | Length: 31.810684591656077] [ Tour: 3 7 11 8 4 0 1 5 9 10 6 2 | Length: 31.313708498984766] [ Tour: 7 11 8 4 0 1 5 9 10 2 6 3 | Length: 31.810684591656077] [ Tour: 0 8 3 7 11 9 5 1 10 2 6 4 | Length: 36.22617373698472] [ Tour: 1 9 8 4 0 3 7 11 10 2 6 5 | Length: 32.14213562373095] [ Tour: 3 11 8 4 0 1 5 9 10 2 6 7 | Length: 32.14213562373095] [ Tour: 4 0 3 7 11 9 5 1 10 2 6 8 | Length: 35.012581805104034] [ Tour: 5 1 0 4 8 11 7 3 10 2 6 9 | Length: 32.23619249411002] [ Tour: 11 7 3 0 4 8 9 5 1 2 6 10 | Length: 31.313708498984766] [ Tour: 7 3 0 4 8 9 5 1 10 2 6 11 | Length: 32.23619249411002]) >[2], 0.006
Compare TSP_75([ Tour: 4 8 9 5 1 2 6 10 11 7 3 0 | Length: 31.313708498984763] [ Tour: 5 9 2 6 10 8 4 0 11 7 3 1 | Length: 36.22617373698473] [ Tour: 6 10 9 5 1 0 4 8 11 7 3 2 | Length: 31.313708498984763] [ Tour: 0 8 9 5 1 2 6 10 11 7 3 4 | Length: 31.810684591656077] [ Tour: 1 9 2 6 10 8 4 0 11 7 3 5 | Length: 36.22617373698472] [ Tour: 2 10 9 5 1 0 4 8 11 7 3 6 | Length: 31.810684591656077] [ Tour: 11 10 6 2 1 5 9 8 4 0 3 7 | Length: 31.313708498984763] [ Tour: 4 0 1 5 9 10 6 2 11 7 3 8 | Length: 32.08403811325377] [ Tour: 5 1 2 6 10 8 4 0 11 7 3 9 | Length: 35.012581805104034] [ Tour: 6 2 9 5 1 0 4 8 11 7 3 10 | Length: 32.08403811325377] [ Tour: 10 6 2 1 5 9 8 4 0 7 3 11 | Length: 31.81068459165608]) >[2], 0.006
Compare TSP_87([ Tour: 3 7 11 10 6 2 1 5 9 8 4 0 | Length: 31.313708498984766] [ Tour: 5 9 10 6 2 3 7 11 8 0 4 1 | Length: 31.810684591656077] [ Tour: 6 10 3 7 11 9 5 1 8 0 4 2 | Length: 36.22617373698473] [ Tour: 7 11 10 6 2 1 5 9 8 0 4 3 | Length: 31.810684591656077] [ Tour: 1 9 10 6 2 3 7 11 8 0 4 5 | Length: 32.14213562373095] [ Tour: 2 10 3 7 11 9 5 1 8 0 4 6 | Length: 36.22617373698472] [ Tour: 3 11 10 6 2 1 5 9 8 0 4 7 | Length: 32.14213562373095] [ Tour: 11 7 3 2 6 10 9 5 1 0 4 8 | Length: 31.313708498984766] [ Tour: 5 1 2 6 10 11 7 3 8 0 4 9 | Length: 32.23619249411002] [ Tour: 6 2 3 7 11 9 5 1 8 0 4 10 | Length: 35.012581805104034] [ Tour: 7 3 10 6 2 1 5 9 8 0 4 11 | Length: 32.23619249411002]) >[2], 0.006
Compare TSP_99([ Tour: 4 8 9 5 1 2 6 10 11 3 7 0 | Length: 31.810684591656077] [ Tour: 5 9 2 6 10 8 4 0 11 3 7 1 | Length: 36.22617373698473] [ Tour: 6 10 9 5 1 0 4 8 11 3 7 2 | Length: 31.810684591656077] [ Tour: 2 6 10 9 5 1 0 4 8 11 7 3 | Length: 31.313708498984766] [ Tour: 0 8 9 5 1 2 6 10 11 3 7 4 | Length: 32.14213562373095] [ Tour: 1 9 2 6 10 8 4 0 11 3 7 5 | Length: 36.22617373698472] [ Tour: 2 10 9 5 1 0 4 8 11 3 7 6 | Length: 32.14213562373095] [ Tour: 4 0 1 5 9 10 6 2 11 3 7 8 | Length: 32.23619249411002] [ Tour: 5 1 2 6 10 8 4 0 11 3 7 9 | Length: 35.012581805104034] [ Tour: 6 2 9 5 1 0 4 8 11 3 7 10 | Length: 32.23619249411002] [ Tour: 10 6 2 1 5 9 8 4 0 3 7 11 | Length: 31.313708498984766]) >[2], 0.005
Compare TSP_111([ Tour: 4 8 11 7 3 10 6 2 1 5 9 0 | Length: 32.08403811325377] [ Tour: 5 0 4 8 11 7 3 2 6 10 9 1 | Length: 31.81068459165608] [ Tour: 6 10 11 7 3 8 4 0 1 5 9 2 | Length: 32.08403811325377] [ Tour: 7 11 2 6 10 8 4 0 1 5 9 3 | Length: 35.012581805104034] [ Tour: 0 8 11 7 3 10 6 2 1 5 9 4 | Length: 32.23619249411002] [ Tour: 1 0 4 8 11 7 3 2 6 10 9 5 | Length: 31.313708498984766] [ Tour: 2 10 11 7 3 8 4 0 1 5 9 6 | Length: 32.23619249411002] [ Tour: 3 11 2 6 10 8 4 0 1 5 9 7 | Length: 35.01258180510403] [ Tour: 4 0 3 7 11 10 6 2 1 5 9 8 | Length: 31.313708498984763] [ Tour: 6 2 3 7 11 8 4 0 1 5 9 10 | Length: 31.313708498984763] [ Tour: 7 3 2 6 10 8 4 0 1 5 9 11 | Length: 33.798989873223334]) >[2], 0.006
Compare TSP_123([ Tour: 4 8 3 7 11 9 5 1 2 6 10 0 | Length: 35.012581805104034] [ Tour: 5 9 8 4 0 11 7 3 2 6 10 1 | Length: 32.08403811325377] [ Tour: 6 3 7 11 8 4 0 1 5 9 10 2 | Length: 31.81068459165608] [ Tour: 7 11 8 4 0 9 5 1 2 6 10 3 | Length: 32.08403811325377] [ Tour: 0 8 3 7 11 9 5 1 2 6 10 4 | Length: 35.01258180510403] [ Tour: 1 9 8 4 0 11 7 3 2 6 10 5 | Length: 32.23619249411002] [ Tour: 2 3 7 11 8 4 0 1 5 9 10 6 | Length: 31.313708498984766] [ Tour: 3 11 8 4 0 9 5 1 2 6 10 7 | Length: 32.23619249411002] [ Tour: 4 0 3 7 11 9 5 1 2 6 10 8 | Length: 33.798989873223334] [ Tour: 5 1 0 4 8 11 7 3 2 6 10 9 | Length: 31.313708498984763] [ Tour: 7 3 0 4 8 9 5 1 2 6 10 11 | Length: 31.313708498984763]) >[2], 0.006
Compare TSP_135([ Tour: 4 8 9 5 1 10 6 2 3 7 11 0 | Length: 32.08403811325377] [ Tour: 5 9 2 6 10 8 4 0 3 7 11 1 | Length: 35.012581805104034] [ Tour: 6 10 9 5 1 8 4 0 3 7 11 2 | Length: 32.08403811325377] [ Tour: 7 2 6 10 9 5 1 0 4 8 11 3 | Length: 31.81068459165608] [ Tour: 0 8 9 5 1 10 6 2 3 7 11 4 | Length: 32.23619249411002] [ Tour: 1 9 2 6 10 8 4 0 3 7 11 5 | Length: 35.01258180510403] [ Tour: 2 10 9 5 1 8 4 0 3 7 11 6 | Length: 32.23619249411002] [ Tour: 3 2 6 10 9 5 1 0 4 8 11 7 | Length: 31.313708498984766] [ Tour: 4 0 1 5 9 10 6 2 3 7 11 8 | Length: 31.313708498984763] [ Tour: 5 1 2 6 10 8 4 0 3 7 11 9 | Length: 33.798989873223334] [ Tour: 6 2 1 5 9 8 4 0 3 7 11 10 | Length: 31.313708498984763]) >[2], 0.005
TSP_157([[D@3ec35868 [8, 10] [0, 1, 2, 3, 4, 5, 6, 7, 9, 11]) >[147], 1193.829
TSP_158([[D@3ec35868 [8, 11] [0, 1, 2, 3, 4, 5, 6, 7, 9, 10]) >[147], 1180.024
Compare TSP_147([ Tour: 4 3 7 11 10 6 2 1 5 9 8 0 | Length: 31.81068459165608] [ Tour: 5 9 10 6 2 11 7 3 0 4 8 1 | Length: 32.08403811325377] [ Tour: 6 10 3 7 11 9 5 1 0 4 8 2 | Length: 35.012581805104034] [ Tour: 7 11 10 6 2 9 5 1 0 4 8 3 | Length: 32.08403811325377] [ Tour: 0 3 7 11 10 6 2 1 5 9 8 4 | Length: 31.313708498984766] [ Tour: 1 9 10 6 2 11 7 3 0 4 8 5 | Length: 32.23619249411002] [ Tour: 2 10 3 7 11 9 5 1 0 4 8 6 | Length: 35.01258180510403] [ Tour: 3 11 10 6 2 9 5 1 0 4 8 7 | Length: 32.23619249411002] [ Tour: 5 1 2 6 10 11 7 3 0 4 8 9 | Length: 31.313708498984763] [ Tour: 6 2 3 7 11 9 5 1 0 4 8 10 | Length: 33.798989873223334] [ Tour: 7 3 2 6 10 9 5 1 0 4 8 11 | Length: 31.313708498984763]) >[2], 0.005
Compare TSP_2([ Tour: 5 9 10 6 2 3 7 11 8 4 0 1 | Length: 31.313708498984763] [ Tour: 4 8 11 7 3 2 6 10 9 5 1 0 | Length: 31.313708498984763] [ Tour: 5 9 8 4 0 3 7 11 10 6 2 1 | Length: 31.313708498984763] [ Tour: 4 8 9 5 1 2 6 10 11 7 3 0 | Length: 31.313708498984763] [ Tour: 3 7 11 10 6 2 1 5 9 8 4 0 | Length: 31.313708498984766] [ Tour: 0 4 8 11 7 3 2 6 10 9 5 1 | Length: 31.313708498984766] [ Tour: 5 9 8 4 0 3 7 11 10 2 6 1 | Length: 31.810684591656077] [ Tour: 4 8 9 5 1 2 6 10 11 3 7 0 | Length: 31.810684591656077] [ Tour: 4 3 7 11 10 6 2 1 5 9 8 0 | Length: 31.81068459165608] [ Tour: 5 0 4 8 11 7 3 2 6 10 9 1 | Length: 31.81068459165608] [ Tour: 5 9 8 4 0 11 7 3 2 6 10 1 | Length: 32.08403811325377] [ Tour: 4 8 9 5 1 10 6 2 3 7 11 0 | Length: 32.08403811325377]) >[0], 0.005
Client Total,54466.777

